Rk,Name,Age,Tm,G,PA,AB,R,H,2B,3B,HR,RBI,SB,CS,BB,SO,BA,OBP,SLG,OPS,OPS+,TB,GDP,HBP,SH,SF,IBB,Pos Summary
1,Jose Abreu\abreujo02,31,CHW,128,553,499,68,132,36,1,22,78,2,0,37,109,.265,.325,.473,.798,118,236,14,11,0,6,7,*3D
2,Jason Adam\adamja01,26,KCR,1,0,0,0,0,0,0,0,0,0,0,0,0,,,,,,0,0,0,0,0,0,1
3,Willy Adames\adamewi01,22,TBR,85,323,288,43,80,7,0,10,34,6,5,31,95,.278,.348,.406,.754,109,117,6,1,1,2,3,64
4,Chance Adams\adamsch01,23,NYY,1,0,0,0,0,0,0,0,0,0,0,0,0,,,,,,0,0,0,0,0,0,/1
5,Jim Adduci*\adducji02,33,DET,59,185,176,19,47,8,2,3,21,1,0,6,45,.267,.290,.386,.676,83,68,2,0,2,1,0,3/D
6,Ehire Adrianza#\adriaeh01,28,MIN,114,366,335,42,84,23,1,6,39,5,1,24,82,.251,.301,.379,.680,84,127,4,1,4,2,2,653/47D
7,Hanser Alberto\alberha01,25,TEX,13,30,27,0,5,2,0,0,0,0,1,2,4,.185,.241,.259,.501,31,7,0,0,1,0,0,/645
8,Victor Alcantara\alcanvi01,25,DET,1,0,0,0,0,0,0,0,0,0,0,0,0,,,,,,0,0,0,0,0,0,1
9,Anthony Alford\alforan01,23,TOR,13,21,19,3,2,0,0,0,1,1,0,2,9,.105,.190,.105,.296,-14,2,0,0,0,0,0,/798D
10,Cody Allen\allenco01,29,CLE,4,0,0,0,0,0,0,0,0,0,0,0,0,,,,,,0,0,0,0,0,0,1
11,Greg Allen#\allengr01,25,CLE,91,291,265,36,68,11,3,2,20,21,4,14,58,.257,.310,.343,.654,77,91,5,7,4,1,1,89/7D
12,Abraham Almonte#\almonab01,29,KCR,50,151,134,15,24,1,2,3,9,2,2,15,36,.179,.260,.284,.544,50,38,6,0,1,1,0,8/D97
13,Yonder Alonso*\alonsyo01,31,CLE,145,574,516,64,129,19,0,23,83,0,0,51,123,.250,.317,.421,.738,97,217,10,2,0,5,1,*3/D
14,Jose Altuve\altuvjo01,28,HOU,137,599,534,84,169,29,2,13,61,17,4,55,79,.316,.386,.451,.837,133,241,17,6,3,1,4,*4/D
15,Jose Alvarado*\alvarjo03,23,TBR,6,0,0,0,0,0,0,0,0,0,0,0,0,,,,,,0,0,0,0,0,0,1/3
16,Jose Alvarez*\alvarjo02,29,LAA,5,0,0,0,0,0,0,0,0,0,0,0,0,,,,,,0,0,0,0,0,0,1
17,Pedro Alvarez*\alvarpe01,31,BAL,45,127,111,18,20,2,0,8,18,0,0,16,36,.180,.283,.414,.698,92,46,2,0,0,0,0,D/53
18,Brett Anderson*\anderbr04,30,OAK,2,4,4,0,1,0,0,0,0,0,0,0,0,.250,.250,.250,.500,40,1,1,0,0,0,0,1
19,Justin Anderson*\anderju01,25,LAA,6,0,0,0,0,0,0,0,0,0,0,0,0,,,,,,0,0,0,0,0,0,1
20,Tim Anderson\anderti01,25,CHW,153,606,567,77,136,28,3,20,64,26,8,30,149,.240,.281,.406,.687,88,230,15,4,2,3,2,*6/D
21,John Andreoli\andrejo03,28,TOT,26,67,61,4,14,2,0,0,4,2,0,5,19,.230,.284,.262,.546,55,16,1,0,0,1,0,/8D79
22,John Andreoli\andrejo03,28,SEA,3,6,5,0,1,0,0,0,0,0,0,1,2,.200,.333,.200,.533,56,1,0,0,0,0,0,/8D79
23,John Andreoli\andrejo03,28,BAL,23,61,56,4,13,2,0,0,4,2,0,4,17,.232,.279,.268,.547,54,15,1,0,0,1,0,/D
24,Matt Andriese\andrima01,28,TBR,2,0,0,0,0,0,0,0,0,0,0,0,0,,,,,,0,0,0,0,0,0,1
25,Elvis Andrus\andruel01,29,TEX,97,428,395,53,101,20,3,6,33,5,3,28,66,.256,.308,.367,.675,76,145,8,3,0,2,0,6
26,Miguel Andujar\andujmi01,23,NYY,149,606,573,83,170,47,2,27,92,2,1,25,97,.297,.328,.527,.855,126,302,9,4,0,4,2,*5D
27,Francisco Arcia*\arciafr01,28,LAA,40,106,103,10,21,5,0,6,23,1,0,1,27,.204,.226,.427,.654,76,44,4,2,0,0,0,2/13D
28,Shawn Armstrong\armstsh01,27,SEA,1,0,0,0,0,0,0,0,0,0,0,0,0,,,,,,0,0,0,0,0,0,1
29,Christian Arroyo\arroych01,23,TBR,20,59,53,5,14,2,1,1,6,0,0,6,16,.264,.339,.396,.735,104,21,0,0,0,0,0,/45D
30,Willians Astudillo\astudwi01,26,MIN,29,97,93,9,33,4,1,3,21,0,0,2,3,.355,.371,.516,.887,138,48,4,1,0,1,0,2/5D4871
31,Tyler Austin\austity01,26,TOT,69,268,244,34,56,10,0,17,47,1,2,19,95,.230,.287,.480,.767,103,117,3,2,0,3,0,3D
32,Tyler Austin\austity01,26,NYY,34,132,121,16,27,6,0,8,23,1,1,8,53,.223,.280,.471,.751,98,57,2,2,0,1,0,3/D
33,Tyler Austin\austity01,26,MIN,35,136,123,18,29,4,0,9,24,0,1,11,42,.236,.294,.488,.782,107,60,1,0,0,2,0,D3
34,Luis Avilan*\avilalu01,28,CHW,3,1,1,0,0,0,0,0,0,0,0,0,1,.000,.000,.000,.000,-100,0,0,0,0,0,0,1
35,John Axford\axforjo01,35,TOR,1,0,0,0,0,0,0,0,0,0,0,0,0,,,,,,0,0,0,0,0,0,1
36,Sandy Baez\baezsa01,24,DET,1,0,0,0,0,0,0,0,0,0,0,0,0,,,,,,0,0,0,0,0,0,/1
37,Johnny Barbato\barbajo01,25,DET,1,0,0,0,0,0,0,0,0,0,0,0,0,,,,,,0,0,0,0,0,0,/1
38,Brandon Barnes\barnebr02,32,CLE,19,21,19,2,5,0,0,1,2,0,0,2,5,.263,.333,.421,.754,102,8,1,0,0,0,0,9/874
39,Danny Barnes*\barneda02,28,TOR,3,0,0,0,0,0,0,0,0,0,0,0,0,,,,,,0,0,0,0,0,0,1
40,Matt Barnes\barnema01,28,BOS,4,0,0,0,0,0,0,0,0,0,0,0,0,,,,,,0,0,0,0,0,0,1
41,Tony Barnette\barneto01,34,TEX,1,0,0,0,0,0,0,0,0,0,0,0,0,,,,,,0,0,0,0,0,0,1
42,Franklin Barreto\barrefr02,22,OAK,32,75,73,10,17,4,0,5,16,0,0,1,29,.233,.253,.493,.746,99,36,3,1,0,0,0,4/6D
43,Jaime Barria\barrija01,21,LAA,2,5,5,0,0,0,0,0,0,0,0,0,1,.000,.000,.000,.000,-100,0,1,0,0,0,0,1
44,Trevor Bauer\bauertr01,27,CLE,1,3,3,1,0,0,0,0,0,0,0,0,1,.000,.000,.000,.000,-100,0,0,0,0,0,0,1
45,Jake Bauers*\bauerja01,22,TBR,96,388,323,48,65,22,2,11,48,6,6,54,104,.201,.316,.384,.700,94,124,3,3,2,6,0,37/D9
46,Chris Beck\beckch02,27,CHW,4,1,1,0,0,0,0,0,0,0,0,0,1,.000,.000,.000,.000,-100,0,0,0,0,0,0,1
47,Gordon Beckham\beckhgo01,31,SEA,22,50,44,3,8,1,0,0,1,1,0,4,11,.182,.250,.205,.455,31,9,1,0,2,0,0,4/56D
48,Tim Beckham\beckhti01,28,BAL,96,402,369,45,85,17,0,12,35,1,2,27,100,.230,.287,.374,.661,83,138,10,3,1,2,0,65/D4
49,Cam Bedrosian\bedroca01,26,LAA,4,0,0,0,0,0,0,0,0,0,0,0,0,,,,,,0,0,0,0,0,0,1
50,Jalen Beeks*\beeksja02,24,TOT,1,2,2,0,0,0,0,0,0,0,0,0,1,.000,.000,.000,.000,-100,0,0,0,0,0,0,1
51,Jalen Beeks*\beeksja02,24,TBR,1,2,2,0,0,0,0,0,0,0,0,0,1,.000,.000,.000,.000,-100,0,0,0,0,0,0,1
52,Matt Belisle\belisma01,38,TOT,2,0,0,0,0,0,0,0,0,0,0,0,0,,,,,,0,0,0,0,0,0,1
53,Matt Belisle\belisma01,38,MIN,2,0,0,0,0,0,0,0,0,0,0,0,0,,,,,,0,0,0,0,0,0,1
54,Adrian Beltre\beltrad01,39,TEX,119,481,433,49,118,23,1,15,65,1,0,34,96,.273,.328,.434,.763,97,188,13,6,0,8,2,5D
55,Andrew Benintendi*\beninan01,23,BOS,148,661,579,103,168,41,6,16,87,21,3,71,106,.290,.366,.465,.830,122,269,9,2,2,7,1,*78
56,Christian Bergman\bergmch01,30,SEA,1,2,2,0,1,0,0,0,1,0,0,0,0,.500,.500,.500,1.000,184,1,0,0,0,0,0,/1
57,Jose Berrios\berrijo01,24,MIN,2,4,4,0,0,0,0,0,0,0,0,0,2,.000,.000,.000,.000,-100,0,0,0,0,0,0,1
58,Jon Berti\bertijo01,28,TOR,4,15,15,2,4,1,1,0,2,1,0,0,4,.267,.267,.467,.733,98,7,0,0,0,0,0,/4
59,Dellin Betances\betande01,30,NYY,5,1,1,0,0,0,0,0,0,0,0,0,1,.000,.000,.000,.000,-100,0,0,0,0,0,0,1
60,Mookie Betts\bettsmo01,25,BOS,136,614,520,129,180,47,5,32,80,30,6,81,91,.346,.438,.640,1.078,186,333,5,8,0,5,8,*98/D4
61,Joe Biagini\biagijo01,28,TOR,3,0,0,0,0,0,0,0,0,0,0,0,0,,,,,,0,0,0,0,0,0,1
62,Shane Bieber\biebesh01,23,CLE,2,5,4,0,1,1,0,0,0,0,0,1,2,.250,.400,.500,.900,141,2,0,0,0,0,0,1
63,Greg Bird*\birdgr01,25,NYY,82,311,272,23,54,16,1,11,38,0,0,30,78,.199,.286,.386,.672,79,105,4,5,0,4,1,3/D
64,Paul Blackburn\blackpa01,24,OAK,1,2,2,0,0,0,0,0,0,0,0,0,0,.000,.000,.000,.000,-100,0,1,0,0,0,0,/1
65,Jabari Blash\blashja01,28,LAA,24,45,39,4,4,1,0,0,1,2,1,5,24,.103,.200,.128,.328,-5,5,0,0,0,1,0,9/7D
66,Jeremy Bleich*\bleicje01,31,OAK,1,0,0,0,0,0,0,0,0,0,0,0,0,,,,,,0,0,0,0,0,0,/1
67,Richard Bleier*\bleieri01,31,BAL,2,0,0,0,0,0,0,0,0,0,0,0,0,,,,,,0,0,0,0,0,0,1
68,Xander Bogaerts\bogaexa01,25,BOS,136,580,513,72,148,45,3,23,103,8,2,55,102,.288,.360,.522,.883,134,268,14,6,0,6,4,*6
69,Jorge Bonifacio\bonifjo01,25,KCR,69,270,236,31,53,16,2,4,23,0,1,29,71,.225,.312,.360,.672,85,85,3,2,1,2,1,9/7D
70,Matthew Boyd*\boydma01,27,DET,2,2,2,0,0,0,0,0,0,0,0,0,2,.000,.000,.000,.000,-100,0,0,0,0,0,0,1
71,Blaine Boyer\boyerbl01,36,KCR,2,0,0,0,0,0,0,0,0,0,0,0,0,,,,,,0,0,0,0,0,0,1
72,Brad Brach\brachbr01,32,BAL,5,0,0,0,0,0,0,0,0,0,0,0,0,,,,,,0,0,0,0,0,0,1
73,Jackie Bradley Jr.*\bradlja02,28,BOS,144,535,474,76,111,33,4,13,59,17,1,46,137,.234,.314,.403,.717,92,191,6,11,0,4,3,*89/D
74,Michael Brantley*\brantmi02,31,CLE,143,631,570,89,176,36,2,17,76,12,3,48,60,.309,.364,.468,.832,123,267,15,5,1,6,0,*7/D
75,Ryan Brasier\brasiry01,30,BOS,3,0,0,0,0,0,0,0,0,0,0,0,0,,,,,,0,0,0,0,0,0,1
76,Alex Bregman\bregmal01,24,HOU,157,705,594,105,170,51,1,31,103,10,4,96,85,.286,.394,.532,.926,156,316,15,12,0,3,2,*56/47
77,Jose Briceno\bricejo01,25,LAA,46,128,117,12,28,2,0,5,10,0,1,8,35,.239,.299,.385,.684,88,45,2,2,1,0,0,2/3
78,Zach Britton*\brittza01,30,TOT,5,0,0,0,0,0,0,0,0,0,0,0,0,,,,,,0,0,0,0,0,0,1
79,Zach Britton*\brittza01,30,BAL,4,0,0,0,0,0,0,0,0,0,0,0,0,,,,,,0,0,0,0,0,0,1
80,Zach Britton*\brittza01,30,NYY,1,0,0,0,0,0,0,0,0,0,0,0,0,,,,,,0,0,0,0,0,0,1
81,Ryan Buchter*\buchtry01,31,OAK,2,0,0,0,0,0,0,0,0,0,0,0,0,,,,,,0,0,0,0,0,0,1
82,Aaron Bummer*\bummeaa01,24,CHW,4,0,0,0,0,0,0,0,0,0,0,0,0,,,,,,0,0,0,0,0,0,1
83,Dylan Bundy#\bundydy01,25,BAL,2,5,5,1,1,0,0,0,0,0,0,0,2,.200,.200,.200,.400,13,1,0,0,0,0,0,1
84,Matt Bush\bushma01,32,TEX,2,0,0,0,0,0,0,0,0,0,0,0,0,,,,,,0,0,0,0,0,0,1
85,Drew Butera\buterdr01,34,KCR,51,166,149,11,28,9,0,2,18,0,0,13,37,.188,.259,.289,.548,51,43,4,2,0,2,0,2/3D1
86,Dan Butler\butleda01,31,BOS,2,7,6,0,1,0,0,0,1,0,0,0,2,.167,.143,.167,.310,-17,1,0,0,0,1,0,/2
87,Eddie Butler\butleed01,27,TEX,3,0,0,0,0,0,0,0,0,0,0,0,0,,,,,,0,0,0,0,0,0,1
88,Ty Buttrey*\buttrty01,25,LAA,1,0,0,0,0,0,0,0,0,0,0,0,0,,,,,,0,0,0,0,0,0,1
89,Byron Buxton\buxtoby01,24,MIN,28,94,90,8,14,4,0,0,4,5,0,3,28,.156,.183,.200,.383,4,18,1,0,1,0,0,8/D
90,Melky Cabrera#\cabreme01,33,CLE,78,278,250,28,70,17,0,6,39,1,1,20,38,.280,.335,.420,.755,102,105,10,3,0,5,0,9/D7
91,Miguel Cabrera\cabremi01,35,DET,38,157,134,17,40,11,0,3,22,0,0,22,27,.299,.395,.448,.843,130,60,6,0,0,1,4,3/D
92,Kole Calhoun*\calhoko01,30,LAA,137,552,491,71,102,18,2,19,57,6,2,53,133,.208,.283,.369,.652,80,181,9,1,0,6,2,*9/8
93,Willie Calhoun*\calhowi01,23,TEX,35,108,99,8,22,5,0,2,11,0,0,6,24,.222,.269,.333,.602,57,33,2,1,0,2,0,7/D
94,Jeimer Candelario#\candeje01,24,DET,144,619,539,78,121,28,3,19,54,3,2,66,160,.224,.317,.393,.710,93,212,4,9,0,5,1,*5
95,Mark Canha\canhama01,29,OAK,122,411,365,60,91,22,0,17,52,1,2,34,88,.249,.328,.449,.778,113,164,11,10,0,2,3,8739/D
96,Robinson Cano*\canoro01,35,SEA,80,348,310,44,94,22,0,10,50,0,0,32,47,.303,.374,.471,.845,136,146,9,4,0,2,2,43/5D
97,Carlos Carrasco\carraca01,31,CLE,1,4,4,0,1,0,0,0,1,0,0,0,2,.250,.250,.250,.500,36,1,0,0,0,0,0,1
98,Andrew Cashner\cashnan01,31,BAL,2,3,3,0,0,0,0,0,0,0,0,0,1,.000,.000,.000,.000,-100,0,0,0,0,0,0,1
99,Santiago Casilla\garcija01,37,OAK,2,0,0,0,0,0,0,0,0,0,0,0,0,,,,,,0,0,0,0,0,0,1
100,Nick Castellanos\casteni01,26,DET,157,678,620,88,185,46,5,23,89,2,1,49,151,.298,.354,.500,.854,130,310,8,6,0,3,5,*9D
101,Diego Castillo\castidi01,24,TBR,5,1,1,0,0,0,0,0,0,0,0,0,1,.000,.000,.000,.000,-100,0,0,0,0,0,0,1
102,Welington Castillo\castiwe01,31,CHW,49,181,170,17,44,7,0,6,15,1,0,9,46,.259,.304,.406,.710,95,69,7,2,0,0,0,2/D
103,Harold Castro*\castrha01,24,DET,6,10,10,2,3,0,0,0,0,1,0,0,2,.300,.300,.300,.600,65,3,0,0,0,0,0,/64
104,Jason Castro*\castrja01,31,MIN,19,74,63,4,9,3,0,1,3,0,0,9,26,.143,.257,.238,.495,36,15,2,1,0,1,0,2
105,Miguel Castro\castrmi01,23,BAL,3,0,0,0,0,0,0,0,0,0,0,0,0,,,,,,0,0,0,0,0,0,1
106,Jake Cave*\caveja01,25,MIN,91,309,283,54,75,16,2,13,45,2,1,18,102,.265,.313,.473,.786,110,134,2,3,2,3,2,89/7D
107,Xavier Cedeno*\cedenxa01,31,CHW,2,0,0,0,0,0,0,0,0,0,0,0,0,,,,,,0,0,0,0,0,0,1
108,Juan Centeno*\centeju01,28,TEX,10,38,37,3,6,1,0,1,3,0,0,1,7,.162,.184,.270,.454,17,10,2,0,0,0,0,2
109,Luis Cessa\cessalu01,26,NYY,1,1,1,0,0,0,0,0,0,0,0,0,1,.000,.000,.000,.000,-100,0,0,0,0,0,0,1
110,Aroldis Chapman*\chapmar01,30,NYY,7,0,0,0,0,0,0,0,0,0,0,0,0,,,,,,0,0,0,0,0,0,1
111,Matt Chapman\chapmma01,25,OAK,145,616,547,100,152,42,6,24,68,1,2,58,146,.278,.356,.508,.864,135,278,18,9,0,2,0,*5
112,Jesse Chavez\chaveje01,34,TEX,1,1,1,0,0,0,0,0,0,0,0,0,1,.000,.000,.000,.000,-100,0,0,0,0,0,0,1
113,Robinson Chirinos\chiriro01,34,TEX,113,426,360,48,80,15,1,18,65,2,0,45,140,.222,.338,.419,.757,97,151,7,19,0,2,0,2/D
114,Yonny Chirinos\chiriyo01,24,TBR,1,1,1,0,0,0,0,0,0,0,0,0,1,.000,.000,.000,.000,-100,0,0,0,0,0,0,1
115,Lonnie Chisenhall*\chiselo01,29,CLE,29,95,84,11,27,6,1,1,9,1,0,8,12,.321,.394,.452,.846,128,38,2,2,1,0,1,9
116,Ji-Man Choi*\choiji01,27,TBR,49,189,160,21,43,12,1,8,27,2,0,24,41,.269,.370,.506,.877,141,81,0,3,0,2,0,D/3
117,Shin-Soo Choo*\choosh01,35,TEX,146,665,560,83,148,30,1,21,62,6,1,92,156,.264,.377,.434,.810,112,243,11,10,1,2,2,D97
118,Nick Ciuffo*\ciuffni01,23,TBR,16,44,37,3,7,1,0,1,5,0,0,3,12,.189,.262,.297,.559,55,11,1,1,2,1,0,2
119,Alex Claudio*\claudal01,26,TEX,4,0,0,0,0,0,0,0,0,0,0,0,0,,,,,,0,0,0,0,0,0,1
120,Mike Clevinger\clevimi01,27,CLE,2,4,4,0,0,0,0,0,0,0,0,0,4,.000,.000,.000,.000,-100,0,0,0,0,0,0,1
121,Tyler Clippard\clippty01,33,TOR,2,0,0,0,0,0,0,0,0,0,0,0,0,,,,,,0,0,0,0,0,0,1
122,Alex Cobb\cobbal01,30,BAL,3,7,6,0,1,0,0,0,0,0,0,0,2,.167,.167,.167,.333,-6,1,0,0,1,0,0,1
123,A.J. Cole\coleaj01,26,NYY,2,0,0,0,0,0,0,0,0,0,0,0,0,,,,,,0,0,0,0,0,0,1
124,Gerrit Cole\colege01,27,HOU,3,9,9,0,0,0,0,0,0,0,0,0,8,.000,.000,.000,.000,-100,0,0,0,0,0,0,1
125,Taylor Cole\coleta01,28,LAA,1,0,0,0,0,0,0,0,0,0,0,0,0,,,,,,0,0,0,0,0,0,1
126,Louis Coleman\colemlo01,32,DET,3,0,0,0,0,0,0,0,0,0,0,0,0,,,,,,0,0,0,0,0,0,1
127,Alex Colome\colomal01,29,TOT,3,0,0,0,0,0,0,0,0,0,0,0,0,,,,,,0,0,0,0,0,0,1
128,Alex Colome\colomal01,29,SEA,3,0,0,0,0,0,0,0,0,0,0,0,0,,,,,,0,0,0,0,0,0,1
129,Bartolo Colon\colonba01,45,TEX,2,4,4,0,0,0,0,0,0,0,0,0,3,.000,.000,.000,.000,-100,0,0,0,0,0,0,1
130,Ryan Cordell\cordery01,26,CHW,19,40,37,3,4,1,0,1,4,0,0,0,15,.108,.125,.216,.341,-8,8,0,1,0,2,0,/98
131,Carlos Correa\correca01,23,HOU,110,468,402,60,96,20,1,15,65,3,0,53,111,.239,.323,.405,.728,102,163,17,2,0,11,3,*6/D
132,Danny Coulombe*\couloda01,28,OAK,1,0,0,0,0,0,0,0,0,0,0,0,0,,,,,,0,0,0,0,0,0,1
133,Dylan Covey\coveydy01,26,CHW,1,1,1,0,0,0,0,0,0,0,0,0,1,.000,.000,.000,.000,-100,0,0,0,0,0,0,1
134,Kaleb Cowart#\cowarka01,26,LAA,47,124,112,7,15,7,1,1,10,1,0,10,44,.134,.210,.241,.451,25,27,2,1,0,1,0,54/367D
135,Zack Cozart\cozarza01,32,LAA,58,253,224,29,49,13,2,5,18,0,0,19,42,.219,.296,.362,.658,82,81,7,7,0,3,0,546
136,C.J. Cron\croncj01,28,TBR,140,560,501,68,127,28,1,30,74,1,2,37,145,.253,.323,.493,.816,122,247,11,17,0,5,2,D3
137,Nelson Cruz\cruzne02,37,SEA,144,591,519,70,133,18,1,37,97,1,0,55,122,.256,.342,.509,.850,135,264,15,14,0,3,5,*D/9
138,William Cuevas#\cuevawi01,27,BOS,2,0,0,0,0,0,0,0,0,0,0,0,0,,,,,,0,0,0,0,0,0,/1
139,Cheslor Cuthbert\cuthbch01,25,KCR,30,117,103,11,20,2,0,3,7,0,1,11,23,.194,.282,.301,.583,61,31,5,2,0,1,0,53/D
140,Matt Davidson\davidma02,27,CHW,123,496,434,51,99,23,0,20,62,0,0,52,165,.228,.319,.419,.738,103,182,8,7,0,3,0,D35/1
141,Chris Davis*\davisch02,32,BAL,128,522,470,40,79,12,0,16,49,2,0,41,192,.168,.243,.296,.539,50,139,5,7,0,4,2,*3D
142,J.D. Davis\davisjd01,25,HOU,42,113,103,9,18,2,0,1,5,0,0,10,29,.175,.248,.223,.471,34,23,3,0,0,0,0,53/71
143,Jonathan Davis\davisjo05,26,TOR,20,27,25,3,5,1,0,0,0,3,0,1,6,.200,.259,.240,.499,41,6,2,1,0,0,0,/87D
144,Khris Davis\daviskh01,30,OAK,151,654,576,98,142,28,1,48,123,0,0,59,175,.247,.326,.549,.874,136,316,16,12,0,7,5,*D7
145,Rajai Davis\davisra01,37,CLE,101,216,196,33,44,6,1,1,6,21,7,11,48,.224,.278,.281,.559,52,55,2,4,4,1,0,87D/9
146,Nicky Delmonico*\delmoni01,25,CHW,88,318,284,31,61,11,5,8,25,1,2,27,80,.215,.296,.373,.669,85,106,7,6,0,1,1,7/3D
147,Delino DeShields\deshide02,25,TEX,106,393,334,52,72,14,1,2,22,20,4,43,83,.216,.310,.281,.591,57,94,1,3,12,1,0,8/D
148,Odrisamer Despaigne\despaod01,31,LAA,1,1,1,0,0,0,0,0,0,0,0,0,0,.000,.000,.000,.000,-100,0,0,0,0,0,0,/1
149,Chris Devenski\devench02,27,HOU,1,0,0,0,0,0,0,0,0,0,0,0,0,,,,,,0,0,0,0,0,0,1
150,Rafael Devers*\deverra01,21,BOS,121,490,450,59,108,24,0,21,66,5,2,38,121,.240,.298,.433,.731,94,195,9,0,0,2,6,*5/D
151,Aledmys Diaz\diazal02,27,TOR,130,452,422,55,111,26,0,18,55,3,4,23,62,.263,.303,.453,.756,106,191,9,3,0,4,2,65/D
152,Edwin Diaz\diazed04,24,SEA,4,0,0,0,0,0,0,0,0,0,0,0,0,,,,,,0,0,0,0,0,0,1
153,Yandy Diaz\diazya01,26,CLE,39,120,109,15,34,5,2,1,15,0,0,11,19,.312,.375,.422,.797,115,46,6,0,0,0,1,D/35
154,Jake Diekman*\diekmja01,31,TEX,2,0,0,0,0,0,0,0,0,0,0,0,0,,,,,,0,0,0,0,0,0,1
155,Josh Donaldson\donaljo02,32,TOT,52,219,187,30,46,14,0,8,23,2,0,31,54,.246,.352,.449,.801,119,84,3,0,0,1,2,5D/3
156,Josh Donaldson\donaljo02,32,TOR,36,159,137,22,32,11,0,5,16,2,0,21,44,.234,.333,.423,.757,109,58,1,0,0,1,2,5D/3
157,Josh Donaldson\donaljo02,32,CLE,16,60,50,8,14,3,0,3,7,0,0,10,10,.280,.400,.520,.920,146,26,2,0,0,0,0,5/D
158,Brian Dozier\doziebr01,31,MIN,104,462,410,65,93,21,2,16,52,8,3,46,96,.227,.307,.405,.712,92,166,7,3,0,3,1,4
159,Hunter Dozier\doziehu01,26,KCR,102,388,362,36,83,19,4,11,34,2,3,24,109,.229,.278,.395,.673,83,143,12,1,0,1,0,35/D9
160,Oliver Drake\drakeol01,31,TOT,2,0,0,0,0,0,0,0,0,0,0,0,0,,,,,,0,0,0,0,0,0,1
161,Oliver Drake\drakeol01,31,CLE,1,0,0,0,0,0,0,0,0,0,0,0,0,,,,,,0,0,0,0,0,0,/1
162,Oliver Drake\drakeol01,31,LAA,1,0,0,0,0,0,0,0,0,0,0,0,0,,,,,,0,0,0,0,0,0,/1
163,Brandon Drury\drurybr01,25,TOT,26,86,77,5,13,4,0,1,10,0,0,7,20,.169,.256,.260,.516,42,20,5,2,0,0,0,5/43D6
164,Brandon Drury\drurybr01,25,NYY,18,57,51,2,9,2,0,1,7,0,0,5,12,.176,.263,.275,.538,46,14,4,1,0,0,0,/543D
165,Brandon Drury\drurybr01,25,TOR,8,29,26,3,4,2,0,0,3,0,0,2,8,.154,.241,.231,.472,33,6,1,1,0,0,0,/546
166,Lucas Duda*\dudalu01,32,KCR,87,345,310,34,75,12,1,13,48,1,0,24,95,.242,.310,.413,.723,97,128,4,8,0,3,2,3D
167,Danny Duffy*\duffyda01,29,KCR,1,2,2,0,0,0,0,0,0,0,0,0,2,.000,.000,.000,.000,-100,0,0,0,0,0,0,1
168,Matt Duffy\duffyma01,27,TBR,132,560,503,59,148,22,1,4,44,12,6,47,93,.294,.361,.366,.727,104,184,12,7,1,2,1,*5/D6
169,Zach Duke*\dukeza01,35,TOT,5,1,1,0,0,0,0,0,0,0,0,0,1,.000,.000,.000,.000,-100,0,0,0,0,0,0,1
170,Zach Duke*\dukeza01,35,MIN,4,1,1,0,0,0,0,0,0,0,0,0,1,.000,.000,.000,.000,-100,0,0,0,0,0,0,1
171,Zach Duke*\dukeza01,35,SEA,1,0,0,0,0,0,0,0,0,0,0,0,0,,,,,,0,0,0,0,0,0,1
172,Ryan Dull\dullry01,28,OAK,1,0,0,0,0,0,0,0,0,0,0,0,0,,,,,,0,0,0,0,0,0,1
173,Roenis Elias*\eliasro01,29,SEA,3,2,2,0,1,0,0,0,0,0,0,0,1,.500,.500,.500,1.000,184,1,0,0,0,0,0,1
174,Edwin Encarnacion\encared01,35,CLE,137,579,500,74,123,16,1,32,107,3,0,63,132,.246,.336,.474,.810,115,237,14,8,0,7,2,*D3
175,Adam Engel\engelad01,26,CHW,143,463,429,49,101,17,4,6,29,16,8,18,129,.235,.279,.336,.614,70,144,1,8,7,1,0,*8/D
176,Nathan Eovaldi\eovalna01,28,TOT,6,10,9,2,1,0,0,0,1,0,0,1,7,.111,.200,.111,.311,-10,1,0,0,0,0,0,1
177,Nathan Eovaldi\eovalna01,28,TBR,4,7,7,1,1,0,0,0,1,0,0,0,5,.143,.143,.143,.286,-20,1,0,0,0,0,0,1
178,Nathan Eovaldi\eovalna01,28,BOS,2,3,2,1,0,0,0,0,0,0,0,1,2,.000,.333,.000,.333,3,0,0,0,0,0,0,1
179,Alcides Escobar\escobal02,31,KCR,140,531,485,54,112,22,3,4,34,8,2,29,74,.231,.279,.313,.593,63,152,14,5,8,4,1,65/84
180,Eduardo Escobar#\escobed01,29,MIN,97,408,368,45,101,37,3,15,63,1,3,34,91,.274,.338,.514,.852,127,189,7,3,0,3,6,56/4
181,Marco Estrada\estrama01,34,TOR,1,1,1,0,0,0,0,0,0,0,0,0,1,.000,.000,.000,.000,-100,0,0,0,0,0,0,1
182,Buck Farmer*\farmebu01,27,DET,4,0,0,0,0,0,0,0,0,0,0,0,0,,,,,,0,0,0,0,0,0,1
183,Tim Federowicz\federti01,30,HOU,10,35,34,4,7,3,0,0,2,0,0,1,13,.206,.229,.294,.523,45,10,1,0,0,0,0,2
184,Jose Fernandez*\fernajo03,30,LAA,36,123,116,9,31,8,0,2,11,1,0,6,15,.267,.309,.388,.697,92,45,2,1,0,0,0,3/5D4
185,Jose Fernandez*\fernajo04,25,TOR,1,0,0,0,0,0,0,0,0,0,0,0,0,,,,,,0,0,0,0,0,0,1
186,Matt Festa\festama01,25,SEA,1,0,0,0,0,0,0,0,0,0,0,0,0,,,,,,0,0,0,0,0,0,/1
187,Johnny Field\fieldjo04,26,TOT,83,233,221,28,49,13,0,9,21,4,0,7,72,.222,.254,.403,.657,78,89,3,3,1,1,0,978/D1
188,Johnny Field\fieldjo04,26,TBR,62,179,169,20,36,9,0,6,14,4,0,7,58,.213,.253,.373,.626,71,63,3,2,1,0,0,978/D1
189,Johnny Field\fieldjo04,26,MIN,21,54,52,8,13,4,0,3,7,0,0,0,14,.250,.259,.500,.759,100,26,0,1,0,1,0,/D
190,Heath Fillmyer\fillmhe01,24,KCR,2,5,4,0,1,1,0,0,1,0,0,0,3,.250,.250,.500,.750,99,2,0,0,1,0,0,1
191,Derek Fisher*\fishede01,24,HOU,42,86,79,13,13,2,2,4,11,2,0,5,42,.165,.209,.392,.602,63,31,0,0,0,2,0,7/89D
192,David Fletcher\fletcda02,24,LAA,80,307,284,35,78,18,2,1,25,3,0,15,34,.275,.316,.363,.678,88,103,7,3,3,2,0,45/69
193,Brian Flynn*\flynnbr01,28,KCR,3,1,1,0,0,0,0,0,0,0,0,0,0,.000,.000,.000,.000,-100,0,0,0,0,0,0,1
194,Wilmer Font\fontwi01,28,TOT,1,0,0,0,0,0,0,0,0,0,0,0,0,,,,,,0,0,0,0,0,0,1
195,Wilmer Font\fontwi01,28,TBR,1,0,0,0,0,0,0,0,0,0,0,0,0,,,,,,0,0,0,0,0,0,/1
196,Nolan Fontana*\fontano01,27,LAA,8,12,11,1,1,0,0,1,1,0,0,1,6,.091,.167,.364,.530,41,4,0,0,0,0,0,/456
197,Logan Forsythe\forsylo01,31,MIN,50,205,178,19,46,6,0,0,14,1,0,24,40,.258,.356,.292,.648,80,52,5,3,0,0,0,4/D7
198,Dustin Fowler*\fowledu01,23,OAK,69,203,192,19,43,3,2,6,23,6,4,8,47,.224,.256,.354,.610,67,68,2,1,0,2,0,8/79
199,Clint Frazier\frazicl01,23,NYY,15,41,34,9,9,3,0,0,1,0,0,5,13,.265,.390,.353,.743,104,12,3,2,0,0,0,/78D
200,David Freitas\freitda01,29,SEA,36,106,93,9,20,6,0,1,5,0,0,8,25,.215,.277,.312,.589,66,29,2,0,1,0,0,2/3
201,Jace Fry*\fryja01,24,CHW,3,0,0,0,0,0,0,0,0,0,0,0,0,,,,,,0,0,0,0,0,0,1
202,Paul Fry*\frypa01,25,BAL,1,0,0,0,0,0,0,0,0,0,0,0,0,,,,,,0,0,0,0,0,0,1
203,Carson Fulmer\fulmeca01,24,CHW,1,0,0,0,0,0,0,0,0,0,0,0,0,,,,,,0,0,0,0,0,0,/1
204,Michael Fulmer\fulmemi01,25,DET,3,7,6,0,0,0,0,0,0,0,0,0,4,.000,.000,.000,.000,-100,0,1,0,1,0,0,1
205,Cam Gallagher\gallaca01,25,KCR,22,69,63,5,13,3,0,1,7,0,0,3,15,.206,.250,.302,.552,51,19,1,1,1,1,0,2/D
206,Yovani Gallardo\gallayo01,32,TEX,1,2,1,0,0,0,0,0,0,0,0,0,0,.000,.000,.000,.000,-100,0,0,0,1,0,0,1
207,Giovanny Gallegos\gallegi01,26,NYY,1,1,1,0,0,0,0,0,0,0,0,0,0,.000,.000,.000,.000,-100,0,0,0,0,0,0,/1
208,Joey Gallo*\gallojo01,24,TEX,148,577,500,82,103,24,1,40,92,3,4,74,207,.206,.312,.498,.810,107,249,3,3,0,0,4,7398/D
209,Ben Gamel*\gamelbe01,26,SEA,101,293,257,37,70,14,4,1,19,7,3,31,61,.272,.358,.370,.728,106,95,4,4,0,1,1,79/D83
210,Avisail Garcia\garciav01,27,CHW,93,385,356,47,84,11,2,19,49,3,1,20,102,.236,.281,.438,.719,96,156,9,4,0,5,2,9/D
211,Jaime Garcia*\garcija02,31,TOR,2,4,4,0,0,0,0,0,0,0,0,0,4,.000,.000,.000,.000,-100,0,0,0,0,0,0,1
212,Leury Garcia#\garcile02,27,CHW,82,275,258,23,70,7,4,4,32,12,1,9,69,.271,.303,.376,.679,87,97,2,3,4,1,0,789/465
213,Brett Gardner*\gardnbr01,34,NYY,140,609,530,95,125,20,7,12,45,16,2,65,107,.236,.322,.368,.690,86,195,6,5,4,5,0,*78
214,Dustin Garneau\garnedu01,30,CHW,1,3,2,0,1,0,0,0,1,0,0,1,0,.500,.667,.500,1.167,233,1,0,0,0,0,0,/2
215,Mitch Garver\garvemi01,27,MIN,102,335,302,38,81,19,2,7,45,0,0,29,72,.268,.335,.414,.749,103,125,8,2,1,1,2,2/D31
216,Evan Gattis\gattiev01,31,HOU,128,451,407,49,92,17,0,25,78,1,0,33,101,.226,.284,.452,.736,101,184,13,3,0,8,2,*D/2
217,Kevin Gausman*\gausmke01,27,BAL,1,2,2,0,0,0,0,0,0,0,0,0,2,.000,.000,.000,.000,-100,0,0,0,0,0,0,1
218,Sam Gaviglio\gavigsa01,28,TOR,2,3,3,0,1,1,0,0,0,0,0,0,1,.333,.333,.667,1.000,168,2,0,0,0,0,0,1
219,Cory Gearrin\gearrco01,32,TOT,3,0,0,0,0,0,0,0,0,0,0,0,0,,,,,,0,0,0,0,0,0,1
220,Cory Gearrin\gearrco01,32,TEX,3,0,0,0,0,0,0,0,0,0,0,0,0,,,,,,0,0,0,0,0,0,1
221,Craig Gentry\gentrcr01,34,BAL,68,169,156,13,42,5,2,1,11,12,3,11,31,.269,.321,.346,.668,87,54,2,1,1,0,0,798
222,Mike Gerber*\gerbemi01,25,DET,18,47,42,2,4,1,0,0,2,0,0,4,21,.095,.170,.119,.289,-18,5,1,0,0,1,0,/78D9
223,Domingo German\germado01,25,NYY,2,2,1,0,0,0,0,0,0,0,0,1,1,.000,.500,.000,.500,54,0,0,0,0,0,0,1
224,Kyle Gibson\gibsoky01,30,MIN,1,2,2,2,2,0,0,0,0,0,0,0,0,1.000,1.000,1.000,2.000,449,2,0,0,0,0,0,1
225,Ken Giles\gileske01,27,TOT,3,0,0,0,0,0,0,0,0,0,0,0,0,,,,,,0,0,0,0,0,0,1
226,Ken Giles\gileske01,27,HOU,1,0,0,0,0,0,0,0,0,0,0,0,0,,,,,,0,0,0,0,0,0,1
227,Ken Giles\gileske01,27,TOR,2,0,0,0,0,0,0,0,0,0,0,0,0,,,,,,0,0,0,0,0,0,1
228,Chris Gimenez\gimench01,35,MIN,13,34,29,6,8,1,0,2,6,0,0,3,9,.276,.353,.517,.870,133,15,1,1,0,1,0,/235D1
229,Lucas Giolito\giolilu01,23,CHW,3,6,6,0,0,0,0,0,0,0,0,0,4,.000,.000,.000,.000,-100,0,0,0,0,0,0,1
230,Mychal Givens\givenmy01,28,BAL,4,0,0,0,0,0,0,0,0,0,0,0,0,,,,,,0,0,0,0,0,0,1
231,Ryan Goins*\goinsry01,30,KCR,41,120,115,10,26,8,1,0,6,0,0,4,29,.226,.252,.313,.565,55,36,2,0,1,0,0,4/56
232,Yan Gomes\gomesya01,30,CLE,112,435,403,52,107,26,0,16,48,0,0,21,119,.266,.313,.449,.762,102,181,4,8,0,3,2,*2/D
233,Carlos Gomez\gomezca01,32,TBR,118,408,360,42,75,15,2,9,32,12,3,25,103,.208,.298,.336,.634,76,121,6,21,2,0,0,9/D841
234,Marco Gonzales*\gonzama02,26,SEA,1,3,2,0,0,0,0,0,0,0,0,0,2,.000,.000,.000,.000,-100,0,0,0,1,0,0,1
235,Alfredo Gonzalez\gonzaal04,25,CHW,3,9,9,0,1,0,0,0,1,0,0,0,4,.111,.111,.111,.222,-38,1,0,0,0,0,0,/2
236,Erik Gonzalez\gonzaer01,26,CLE,81,143,136,17,36,10,1,1,16,3,0,5,34,.265,.301,.375,.676,81,51,0,2,0,0,0,456/3D
237,Marwin Gonzalez#\gonzama01,29,HOU,145,552,489,61,121,25,3,16,68,2,3,53,126,.247,.324,.409,.733,103,200,14,3,5,2,3,7643/58D9
238,Niko Goodrum#\goodrni01,26,DET,131,492,444,55,109,29,3,16,53,12,4,42,132,.245,.315,.432,.747,102,192,9,4,0,2,1,43675/9D
239,Brian Goodwin*\goodwbr01,27,KCR,27,101,94,11,25,5,0,3,13,1,1,6,31,.266,.317,.415,.732,100,39,0,1,0,0,0,
240,Alex Gordon*\gordoal01,34,KCR,141,568,506,56,124,24,0,13,54,12,2,50,124,.245,.324,.370,.694,91,187,7,10,0,2,4,*78/D9
241,Dee Gordon*\gordode01,30,SEA,141,588,556,62,149,17,8,4,36,30,12,9,80,.268,.288,.349,.637,79,194,10,9,9,5,0,48/6D
242,Curtis Granderson*\grandcu01,37,TOR,104,349,302,48,74,21,1,11,35,2,1,42,96,.245,.342,.430,.772,113,130,3,3,1,1,1,D9/78
243,Juan Graterol\grateju01,29,TOT,4,9,8,2,2,0,0,0,0,0,0,1,0,.250,.333,.250,.583,64,2,0,0,0,0,0,/2
244,Juan Graterol\grateju01,29,LAA,1,1,1,0,1,0,0,0,0,0,0,0,0,1.000,1.000,1.000,2.000,461,1,0,0,0,0,0,/2
245,Juan Graterol\grateju01,29,MIN,3,8,7,2,1,0,0,0,0,0,0,1,0,.143,.250,.143,.393,12,1,0,0,0,0,0,/2
246,Sonny Gray\grayso01,28,NYY,1,2,2,1,0,0,0,0,0,0,0,0,0,.000,.000,.000,.000,-100,0,0,0,0,0,0,1
247,Chad Green*\greench03,27,NYY,3,0,0,0,0,0,0,0,0,0,0,0,0,,,,,,0,0,0,0,0,0,1
248,Shane Greene\greensh02,29,DET,1,0,0,0,0,0,0,0,0,0,0,0,0,,,,,,0,0,0,0,0,0,1
249,Didi Gregorius*\gregodi01,28,NYY,134,569,504,89,135,23,5,27,86,10,6,48,69,.268,.335,.494,.829,120,249,8,7,1,9,3,*6
250,Grayson Greiner\greingr01,25,DET,30,116,96,9,21,6,0,0,12,0,1,17,32,.219,.328,.281,.609,69,27,0,0,0,3,0,2
251,Randal Grichuk\grichra01,26,TOR,124,462,424,60,104,32,1,25,61,3,2,27,122,.245,.301,.502,.803,118,213,5,8,0,3,0,*98/D7
252,Robbie Grossman#\grossro01,28,MIN,129,465,396,50,108,27,1,5,48,0,1,60,83,.273,.367,.384,.751,105,152,2,2,2,5,0,9D7
253,Taylor Guerrieri\guerrta02,25,TOR,1,0,0,0,0,0,0,0,0,0,0,0,0,,,,,,0,0,0,0,0,0,/1
254,Lourdes Gurriel Jr.\gurrilo01,24,TOR,65,263,249,30,70,8,0,11,35,1,2,9,59,.281,.309,.446,.755,107,111,2,2,1,2,1,64
255,Yuli Gurriel\gourryu01,34,HOU,136,573,537,70,156,33,1,13,85,5,1,23,63,.291,.323,.428,.751,108,230,22,6,0,7,0,*354/D6
256,Brandon Guyer\guyerbr01,32,CLE,103,221,194,25,40,11,0,7,27,1,1,15,48,.206,.300,.371,.671,80,72,5,11,1,0,0,97/8D1
257,Ronald Guzman*\guzmaro01,23,TEX,123,428,387,46,91,18,2,16,58,1,0,33,121,.235,.306,.416,.722,87,161,8,7,0,1,2,*3
258,Eric Haase\haaseer01,25,CLE,9,17,16,0,2,0,0,0,1,0,0,0,6,.125,.176,.125,.301,-16,2,1,1,0,0,0,/2D
259,Matt Hall*\hallma02,24,DET,1,0,0,0,0,0,0,0,0,0,0,0,0,,,,,,0,0,0,0,0,0,/1
260,Cole Hamels*\hamelco01,34,TEX,1,2,2,0,0,0,0,0,0,0,0,0,0,.000,.000,.000,.000,-100,0,0,0,0,0,0,1
261,Jason Hammel\hammeja01,35,KCR,2,3,3,0,0,0,0,0,0,0,0,0,2,.000,.000,.000,.000,-100,0,0,0,0,0,0,1
262,Brad Hand*\handbr01,28,CLE,1,0,0,0,0,0,0,0,0,0,0,0,0,,,,,,0,0,0,0,0,0,1
263,Mitch Haniger\hanigmi01,27,SEA,157,683,596,90,170,38,4,26,93,8,2,70,148,.285,.366,.493,.859,139,294,8,10,0,7,4,*98/7D
264,J.A. Happ*\happja01,35,TOT,2,7,6,2,2,0,0,0,0,0,0,1,3,.333,.429,.333,.762,117,2,0,0,0,0,0,1
265,J.A. Happ*\happja01,35,TOR,2,7,6,2,2,0,0,0,0,0,0,1,3,.333,.429,.333,.762,117,2,0,0,0,0,0,1
266,Blaine Hardy*\hardybl01,31,DET,3,0,0,0,0,0,0,0,0,0,0,0,0,,,,,,0,0,0,0,0,0,1
267,Will Harris\harriwi10,33,HOU,2,0,0,0,0,0,0,0,0,0,0,0,0,,,,,,0,0,0,0,0,0,1
268,Donnie Hart*\hartdo01,27,BAL,1,0,0,0,0,0,0,0,0,0,0,0,0,,,,,,0,0,0,0,0,0,1
269,Chris Hatcher#\hatchch02,33,OAK,3,0,0,0,0,0,0,0,0,0,0,0,0,,,,,,0,0,0,0,0,0,1
270,Ryon Healy\healyry01,26,SEA,133,524,493,51,116,15,0,24,73,0,0,27,113,.235,.277,.412,.688,91,203,21,2,0,2,0,*3/5
271,Andrew Heaney*\heanean01,27,LAA,3,8,8,1,1,0,0,0,0,0,0,0,6,.125,.125,.125,.250,-30,1,0,0,0,0,0,1
272,Adeiny Hechavarria\hechaad01,29,TOT,79,274,253,32,63,7,0,5,28,2,0,13,47,.249,.279,.336,.615,70,85,4,0,2,6,1,6/5
273,Adeiny Hechavarria\hechaad01,29,TBR,61,237,217,29,56,7,0,3,26,1,0,12,37,.258,.289,.332,.621,73,72,4,0,2,6,1,6
274,Adeiny Hechavarria\hechaad01,29,NYY,18,37,36,3,7,0,0,2,2,1,0,1,10,.194,.216,.361,.577,52,13,0,0,0,0,0,6/5
275,Heath Hembree\hembrhe01,29,BOS,6,1,1,0,0,0,0,0,0,0,0,0,1,.000,.000,.000,.000,-100,0,0,0,0,0,0,1
276,Liam Hendriks\hendrli01,29,OAK,2,0,0,0,0,0,0,0,0,0,0,0,0,,,,,,0,0,0,0,0,0,1
277,Guillermo Heredia\heredgu01,27,SEA,125,337,292,29,69,14,1,5,19,2,4,32,52,.236,.318,.342,.661,87,100,4,4,7,2,0,*87/D9
278,Michael Hermosillo\hermomi01,23,LAA,31,62,57,7,12,4,0,1,1,0,1,3,17,.211,.274,.333,.608,68,19,0,2,0,0,0,89/7
279,Felix Hernandez\hernafe02,32,SEA,2,4,4,0,0,0,0,0,0,0,0,0,0,.000,.000,.000,.000,-100,0,2,0,0,0,0,1
280,Teoscar Hernandez\hernate01,25,TOR,134,523,476,67,114,29,7,22,57,5,5,41,163,.239,.302,.468,.771,110,223,14,3,0,3,0,*79/D
281,Kelvin Herrera\herreke01,28,KCR,2,0,0,0,0,0,0,0,0,0,0,0,0,,,,,,0,0,0,0,0,0,1
282,Rosell Herrera#\herrero02,25,KCR,75,289,265,25,63,14,3,1,20,3,4,19,52,.238,.292,.325,.616,70,86,6,2,1,2,0,948/D5
283,Chris Herrmann*\herrmch01,30,SEA,36,87,76,6,18,4,2,2,7,0,0,10,24,.237,.322,.421,.743,107,32,0,0,0,1,0,2/3
284,David Hess\hessda01,24,BAL,3,3,2,2,0,0,0,0,0,0,0,1,0,.000,.333,.000,.333,6,0,0,0,0,0,0,1
285,Aaron Hicks#\hicksaa01,28,NYY,137,581,480,90,119,18,3,27,79,11,2,90,111,.248,.366,.467,.833,123,224,1,3,2,6,1,*8/D
286,John Hicks\hicksjo02,28,DET,81,312,288,35,75,12,1,9,32,0,1,22,84,.260,.312,.403,.715,94,116,9,0,1,1,0,32
287,Kyle Higashioka\higasky01,28,NYY,29,79,72,6,12,2,0,3,6,0,0,6,16,.167,.241,.319,.560,50,23,2,1,0,0,0,2/D
288,Trevor Hildenberger\hildetr01,27,MIN,6,0,0,0,0,0,0,0,0,0,0,0,0,,,,,,0,0,0,0,0,0,1
289,Tim Hill\hillti01,28,KCR,5,1,1,0,0,0,0,0,0,0,0,0,1,.000,.000,.000,.000,-100,0,0,0,0,0,0,1
290,Jonathan Holder\holdejo02,25,NYY,6,0,0,0,0,0,0,0,0,0,0,0,0,,,,,,0,0,0,0,0,0,1
291,Brock Holt*\holtbr01,30,BOS,109,367,321,41,89,18,2,7,46,7,7,37,73,.277,.362,.411,.774,109,132,7,7,0,2,2,469/375D
292,Joe Hudson\hudsojo03,27,LAA,8,12,12,0,2,1,0,0,1,0,0,0,0,.167,.167,.250,.417,14,3,0,0,0,0,0,/2
293,Phil Hughes\hugheph01,32,MIN,1,0,0,0,0,0,0,0,0,0,0,0,0,,,,,,0,0,0,0,0,0,/1
294,Drew Hutchison*\hutchdr01,27,TEX,1,1,1,0,0,0,0,0,0,0,0,0,1,.000,.000,.000,.000,-100,0,0,0,0,0,0,/1
295,Jose Iglesias\iglesjo01,28,DET,125,464,432,43,116,31,3,5,48,15,6,19,47,.269,.310,.389,.699,90,168,11,8,3,2,0,*6/D
296,Edwin Jackson\jacksed01,34,OAK,1,2,2,0,0,0,0,0,0,0,0,0,0,.000,.000,.000,.000,-100,0,0,0,0,0,0,1
297,Danny Jansen\janseda01,23,TOR,31,95,81,12,20,6,0,3,8,0,0,9,17,.247,.347,.432,.779,115,35,1,4,0,1,0,2/D
298,Jon Jay*\jayjo02,33,KCR,59,266,238,28,73,9,2,1,18,3,2,19,39,.307,.363,.374,.737,104,89,4,3,4,2,0,978/D
299,Williams Jerez*\jerezwi01,26,LAA,2,0,0,0,0,0,0,0,0,0,0,0,0,,,,,,0,0,0,0,0,0,1
300,Joe Jimenez\jimenjo02,23,DET,2,0,0,0,0,0,0,0,0,0,0,0,0,,,,,,0,0,0,0,0,0,1
301,Brian Johnson*\johnsbr02,27,BOS,2,4,4,1,1,0,0,0,0,0,0,0,1,.250,.250,.250,.500,36,1,0,0,0,0,0,1
302,Jim Johnson\johnsji04,35,LAA,2,0,0,0,0,0,0,0,0,0,0,0,0,,,,,,0,0,0,0,0,0,1
303,Sherman Johnson*\johnssh01,27,LAA,10,11,10,0,0,0,0,0,0,0,0,0,4,.000,.091,.000,.091,-71,0,0,1,0,0,0,/43
304,Adam Jones\jonesad01,32,BAL,145,613,580,54,163,35,0,15,63,7,1,24,93,.281,.313,.419,.732,102,243,21,5,0,4,1,*89/D7
305,JaCoby Jones\jonesja07,26,DET,129,467,429,54,89,22,6,11,34,13,5,24,142,.207,.266,.364,.630,70,156,9,11,1,2,0,*87/D
306,Nate Jones\jonesna01,32,CHW,3,0,0,0,0,0,0,0,0,0,0,0,0,,,,,,0,0,0,0,0,0,1
307,Caleb Joseph\josepca01,32,BAL,82,280,265,28,58,14,2,3,17,2,1,10,68,.219,.254,.321,.575,59,85,3,3,1,1,0,2/3
308,Corban Joseph*\josepco01,29,BAL,14,19,18,1,4,1,0,0,3,0,0,1,5,.222,.263,.278,.541,52,5,0,0,0,0,0,/34D
309,Matthew Joyce*\joycema01,33,OAK,83,246,207,34,43,9,0,7,15,0,2,35,53,.208,.322,.353,.675,87,73,3,1,1,2,2,7D/98
310,Aaron Judge\judgeaa01,26,NYY,112,498,413,77,115,22,0,27,67,6,3,76,152,.278,.392,.528,.919,145,218,10,4,0,5,3,9D/8
311,Jakob Junis\junisja01,25,KCR,2,2,2,0,0,0,0,0,0,0,0,0,1,.000,.000,.000,.000,-100,0,0,0,0,0,0,1
312,Ariel Jurado\juradar01,22,TEX,1,1,0,0,0,0,0,0,0,0,0,0,0,,,,,,0,0,0,1,0,0,1
313,Tommy Kahnle\kahnlto01,28,NYY,2,0,0,0,0,0,0,0,0,0,0,0,0,,,,,,0,0,0,0,0,0,1
314,Brad Keller\kellebr01,22,KCR,3,3,3,1,1,0,0,0,0,0,0,0,1,.333,.333,.333,.667,85,1,0,0,0,0,0,1
315,Joe Kelly\kellyjo05,30,BOS,6,0,0,0,0,0,0,0,0,0,0,0,0,,,,,,0,0,0,0,0,0,1
316,Tony Kemp*\kempto01,26,HOU,97,295,255,37,67,15,0,6,30,9,3,32,44,.263,.351,.392,.743,108,100,7,3,3,1,1,78/4D9
317,Ian Kennedy\kenneia01,33,KCR,1,2,2,0,1,0,0,0,0,0,0,0,0,.500,.500,.500,1.000,178,1,0,0,0,0,0,1
318,Max Kepler*\keplema01,25,MIN,156,611,532,80,119,30,4,20,58,4,5,71,96,.224,.319,.408,.727,96,217,8,5,0,3,2,*98/D3
319,Dallas Keuchel*\keuchda01,30,HOU,1,2,2,0,0,0,0,0,0,0,0,0,2,.000,.000,.000,.000,-100,0,0,0,0,0,0,1
320,Kevin Kiermaier*\kiermke01,28,TBR,88,367,332,44,72,12,9,7,29,10,5,25,91,.217,.282,.370,.653,80,123,4,6,2,2,2,8
321,Craig Kimbrel\kimbrcr01,30,BOS,7,0,0,0,0,0,0,0,0,0,0,0,0,,,,,,0,0,0,0,0,0,1
322,Isiah Kiner-Falefa\kineris01,23,TEX,111,396,356,43,93,18,2,4,34,7,5,28,62,.261,.325,.357,.682,79,127,14,6,5,1,1,524/D6
323,Ian Kinsler\kinslia01,36,TOT,128,534,487,66,117,26,0,14,48,16,7,40,64,.240,.301,.380,.681,87,185,15,4,0,3,0,*4
324,Ian Kinsler\kinslia01,36,LAA,91,391,355,49,85,20,0,13,32,9,4,30,40,.239,.304,.406,.710,95,144,10,4,0,2,0,4
325,Ian Kinsler\kinslia01,36,BOS,37,143,132,17,32,6,0,1,16,7,3,10,24,.242,.294,.311,.604,64,41,5,0,0,1,0,4
326,Jason Kipnis*\kipnija01,31,CLE,147,601,530,65,122,28,1,18,75,7,1,60,112,.230,.315,.389,.704,89,206,5,7,1,3,1,*48/D
327,Andrew Kittredge\kittran01,28,TBR,3,1,1,0,0,0,0,0,0,0,0,0,1,.000,.000,.000,.000,-100,0,0,0,0,0,0,1
328,Corey Kluber\klubeco01,32,CLE,3,6,6,0,0,0,0,0,0,0,0,0,4,.000,.000,.000,.000,-100,0,0,0,0,0,0,1
329,Adam Kolarek*\kolarad01,29,TBR,3,0,0,0,0,0,0,0,0,0,0,0,0,,,,,,0,0,0,0,0,0,1
330,George Kontos\kontoge01,33,TOT,2,0,0,0,0,0,0,0,0,0,0,0,0,,,,,,0,0,0,0,0,0,/1
331,George Kontos\kontoge01,33,CLE,2,0,0,0,0,0,0,0,0,0,0,0,0,,,,,,0,0,0,0,0,0,/1
332,Pete Kozma\kozmape01,30,DET,27,73,69,7,15,4,1,1,8,0,1,2,15,.217,.236,.348,.584,57,24,2,0,1,1,0,6/54D
333,Ryan LaMarre\lamarry01,29,TOT,76,180,165,15,46,11,0,2,18,2,2,10,53,.279,.322,.382,.704,93,63,3,2,0,3,0,8/7D19
334,Ryan LaMarre\lamarry01,29,MIN,43,109,99,7,26,5,0,0,8,1,1,8,33,.263,.321,.313,.634,74,31,3,1,0,1,0,8/7D19
335,Ryan LaMarre\lamarry01,29,CHW,33,71,66,8,20,6,0,2,10,1,1,2,20,.303,.324,.485,.809,121,32,0,1,0,2,0,
336,Ramon Laureano\laurera01,23,OAK,48,176,156,27,45,12,1,5,19,7,1,16,50,.288,.358,.474,.832,128,74,0,2,0,2,0,8
337,Casey Lawrence\lawreca01,30,SEA,2,0,0,0,0,0,0,0,0,0,0,0,0,,,,,,0,0,0,0,0,0,1
338,Mike Leake\leakemi01,30,SEA,2,4,4,0,0,0,0,0,0,0,0,0,4,.000,.000,.000,.000,-100,0,0,0,0,0,0,1
339,Wade LeBlanc*\leblawa01,33,SEA,3,4,3,0,1,0,0,0,0,0,0,0,2,.333,.333,.333,.667,89,1,0,0,1,0,0,1
340,Jose Leclerc\leclejo01,24,TEX,5,0,0,0,0,0,0,0,0,0,0,0,0,,,,,,0,0,0,0,0,0,1
341,Sandy Leon#\leonsa01,29,BOS,89,288,265,30,47,12,0,5,22,1,0,15,75,.177,.232,.279,.511,37,74,6,4,3,1,0,2
342,Artie Lewicki\lewicar01,26,DET,2,0,0,0,0,0,0,0,0,0,0,0,0,,,,,,0,0,0,0,0,0,1
343,Tzu-Wei Lin*\lintz02,24,BOS,37,73,65,15,16,6,1,1,6,0,1,8,17,.246,.329,.415,.744,99,27,0,0,0,0,0,6/845D
344,Francisco Lindor#\lindofr01,24,CLE,158,745,661,129,183,42,2,38,92,25,10,70,107,.277,.352,.519,.871,131,343,5,8,3,3,7,*6/D
345,Francisco Liriano*\liriafr01,34,DET,1,2,1,0,0,0,0,0,0,0,0,0,0,.000,.000,.000,.000,-100,0,0,0,1,0,0,1
346,Zack Littell\litteza01,22,MIN,1,0,0,0,0,0,0,0,0,0,0,0,0,,,,,,0,0,0,0,0,0,/1
347,Ben Lively\livelbe01,26,KCR,1,0,0,0,0,0,0,0,0,0,0,0,0,,,,,,0,0,0,0,0,0,/1
348,Jonathan Loaisiga\loaisjo01,23,NYY,1,2,2,0,0,0,0,0,0,0,0,0,2,.000,.000,.000,.000,-100,0,0,0,0,0,0,/1
349,Reynaldo Lopez\lopezre01,24,CHW,1,1,1,0,0,0,0,0,0,0,0,0,1,.000,.000,.000,.000,-100,0,0,0,0,0,0,1
350,Aaron Loup*\loupaa01,30,TOR,4,0,0,0,0,0,0,0,0,0,0,0,0,,,,,,0,0,0,0,0,0,1
351,Brandon Lowe*\lowebr01,23,TBR,43,148,129,16,30,6,2,6,25,2,1,16,38,.233,.324,.450,.774,112,58,3,2,0,1,0,47/9D
352,Jed Lowrie#\lowrije01,34,OAK,157,680,596,78,159,37,1,23,99,0,0,78,128,.267,.353,.448,.801,120,267,8,3,0,3,1,*45/D
353,Josh Lucas\lucasjo02,27,OAK,1,0,0,0,0,0,0,0,0,0,0,0,0,,,,,,0,0,0,0,0,0,/1
354,Jonathan Lucroy\lucrojo01,32,OAK,126,454,415,41,100,21,1,4,51,0,0,29,65,.241,.291,.325,.617,71,135,12,3,1,6,1,*2/D
355,Dawel Lugo\lugoda01,23,DET,27,101,94,10,20,4,1,1,8,0,0,7,20,.213,.267,.309,.576,57,29,2,0,0,0,0,4
356,Lance Lynn#\lynnla01,31,TOT,3,4,4,0,0,0,0,0,0,0,0,0,2,.000,.000,.000,.000,-100,0,0,0,0,0,0,1
357,Lance Lynn#\lynnla01,31,MIN,2,2,2,0,0,0,0,0,0,0,0,0,0,.000,.000,.000,.000,-100,0,0,0,0,0,0,1
358,Lance Lynn#\lynnla01,31,NYY,1,2,2,0,0,0,0,0,0,0,0,0,2,.000,.000,.000,.000,-100,0,0,0,0,0,0,1
359,Dixon Machado\machadi01,26,DET,67,233,214,20,44,13,1,1,21,1,1,14,41,.206,.263,.290,.553,51,62,2,3,1,1,1,4/D
360,Manny Machado\machama01,25,BAL,96,413,365,48,115,21,1,24,65,8,1,45,51,.315,.387,.575,.963,164,210,14,0,0,3,12,6
361,Matt Magill\magilma01,28,MIN,3,1,1,0,0,0,0,0,0,0,0,0,1,.000,.000,.000,.000,-100,0,0,0,0,0,0,1
362,Mikie Mahtook\mahtomi01,28,DET,67,250,223,24,45,4,2,9,29,4,1,21,66,.202,.276,.359,.635,72,80,3,3,0,3,1,7/98D
363,Luke Maile\mailelu01,27,TOR,68,231,202,22,50,13,1,3,27,2,0,25,67,.248,.333,.366,.700,95,74,4,2,0,2,0,2
364,Martin Maldonado\maldoma01,31,TOT,119,404,373,39,84,18,1,9,44,0,1,16,98,.225,.276,.351,.627,73,131,8,11,2,2,0,*2
365,Martin Maldonado\maldoma01,31,LAA,78,290,265,24,59,14,0,5,32,0,1,13,73,.223,.284,.332,.616,71,88,3,10,1,1,0,2
366,Martin Maldonado\maldoma01,31,HOU,41,114,108,15,25,4,1,4,12,0,0,3,25,.231,.257,.398,.655,79,43,5,1,1,1,0,2
367,Sean Manaea\manaese01,26,OAK,3,5,5,0,1,0,0,0,0,0,0,0,0,.200,.200,.200,.400,12,1,0,0,0,0,0,1
368,Trey Mancini\mancitr01,26,BAL,156,636,582,69,141,23,3,24,58,0,1,44,153,.242,.299,.416,.715,97,242,17,5,0,5,1,73D
369,Jake Marisnick\marisja01,27,HOU,103,235,213,34,45,8,1,10,28,6,2,15,84,.211,.275,.399,.674,85,85,6,4,1,1,1,8/D79
370,Mike Marjama\marjami01,28,SEA,10,29,27,1,3,3,0,0,0,0,1,2,6,.111,.172,.222,.395,10,6,2,0,0,0,0,2
371,Evan Marshall\marshev01,28,CLE,1,0,0,0,0,0,0,0,0,0,0,0,0,,,,,,0,0,0,0,0,0,1
372,Jefry Marte\marteje01,27,LAA,90,209,194,28,42,7,1,7,22,1,1,13,41,.216,.273,.371,.644,77,72,6,2,0,0,0,35/7D
373,Chris Martin\martich02,32,TEX,2,0,0,0,0,0,0,0,0,0,0,0,0,,,,,,0,0,0,0,0,0,1
374,Leonys Martin*\martile01,30,TOT,84,353,318,48,81,15,3,11,33,7,4,30,77,.255,.323,.425,.747,102,135,2,3,0,2,1,8/D9
375,Leonys Martin*\martile01,30,DET,78,336,303,45,76,15,3,9,29,7,3,29,75,.251,.321,.409,.731,98,124,1,3,0,1,1,8/D9
376,Leonys Martin*\martile01,30,CLE,6,17,15,3,5,0,0,2,4,0,1,1,2,.333,.353,.733,1.086,182,11,1,0,0,1,0,
377,Russell Martin\martiru01,35,TOR,90,352,289,37,56,8,0,10,25,0,3,56,82,.194,.338,.325,.663,86,94,7,7,0,0,0,25/67
378,J.D. Martinez\martijd02,30,BOS,150,649,569,111,188,37,2,43,130,6,1,69,146,.330,.402,.629,1.031,172,358,19,4,0,7,11,D79
379,Victor Martinez#\martivi01,39,DET,133,508,467,32,117,21,0,9,54,0,0,32,49,.251,.297,.353,.651,77,165,19,2,0,7,4,*D/3
380,Nick Martini*\martini02,28,OAK,55,179,152,26,45,9,3,1,19,0,0,21,36,.296,.397,.414,.811,126,63,0,5,0,1,1,7/89
381,Joe Mauer*\mauerjo01,35,MIN,127,543,486,64,137,27,1,6,48,0,1,51,86,.282,.351,.379,.729,99,184,9,2,1,3,5,3D/29
382,Brandon Maurer\maurebr01,27,KCR,2,0,0,0,0,0,0,0,0,0,0,0,0,,,,,,0,0,0,0,0,0,1
383,Bruce Maxwell*\maxwebr01,27,OAK,18,58,55,5,10,4,0,1,6,0,0,2,13,.182,.207,.309,.516,40,17,3,0,0,1,0,2/D
384,Cameron Maybin\maybica01,31,SEA,30,97,91,12,22,2,1,1,8,2,0,6,20,.242,.289,.319,.607,71,29,4,0,0,0,0,87
385,Tim Mayza*\mayzati01,26,TOR,2,0,0,0,0,0,0,0,0,0,0,0,0,,,,,,0,0,0,0,0,0,1
386,Nomar Mazara*\mazarno01,23,TEX,128,536,489,61,126,25,1,20,77,1,0,40,116,.258,.317,.436,.753,94,213,13,4,0,3,2,*9D/7
387,Zach McAllister\mcallza01,30,TOT,3,0,0,0,0,0,0,0,0,0,0,0,0,,,,,,0,0,0,0,0,0,1
388,Zach McAllister\mcallza01,30,CLE,3,0,0,0,0,0,0,0,0,0,0,0,0,,,,,,0,0,0,0,0,0,1
389,Brian McCann*\mccanbr01,34,HOU,63,216,189,22,40,3,0,7,23,0,1,19,40,.212,.301,.339,.640,79,64,7,6,0,2,0,2/D
390,James McCann\mccanja02,28,DET,118,457,427,31,94,16,0,8,39,0,3,26,116,.220,.267,.314,.581,58,134,9,2,0,2,0,*2/D
391,Kevin McCarthy\mccarke01,26,KCR,4,0,0,0,0,0,0,0,0,0,0,0,0,,,,,,0,0,0,0,0,0,1
392,Lance McCullers Jr.*\mcculla02,24,HOU,1,2,2,0,0,0,0,0,0,0,0,0,1,.000,.000,.000,.000,-100,0,0,0,0,0,0,1
393,Andrew McCutchen\mccutan01,31,NYY,25,114,87,18,22,2,1,5,10,1,3,22,22,.253,.421,.471,.892,141,41,1,4,0,1,0,/D
394,Deck McGuire\mcguide02,29,TOT,3,3,3,0,1,0,0,0,0,0,0,0,1,.333,.333,.333,.667,87,1,0,0,0,0,0,1
395,Deck McGuire\mcguide02,29,TOR,1,1,1,0,1,0,0,0,0,0,0,0,0,1.000,1.000,1.000,2.000,461,1,0,0,0,0,0,/1
396,Deck McGuire\mcguide02,29,LAA,2,2,2,0,0,0,0,0,0,0,0,0,1,.000,.000,.000,.000,-100,0,0,0,0,0,0,1
397,Reese McGuire*\mcguire01,23,TOR,14,33,31,5,9,3,0,2,4,1,0,2,9,.290,.333,.581,.914,147,18,0,0,0,0,0,2
398,Collin McHugh\mchugco01,31,HOU,5,0,0,0,0,0,0,0,0,0,0,0,0,,,,,,0,0,0,0,0,0,1
399,Billy McKinney*\mckinbi01,23,TOT,38,132,119,14,30,7,0,6,13,1,0,11,33,.252,.318,.462,.780,113,55,0,1,0,1,0,79/3
400,Billy McKinney*\mckinbi01,23,NYY,2,4,4,0,1,0,0,0,0,0,0,0,1,.250,.250,.250,.500,36,1,0,0,0,0,0,/7
401,Billy McKinney*\mckinbi01,23,TOR,36,128,115,14,29,7,0,6,13,1,0,11,32,.252,.320,.470,.790,116,54,0,1,0,1,0,79/3
402,Austin Meadows*\meadoau01,23,TBR,10,26,24,3,6,1,0,1,4,1,0,2,5,.250,.308,.417,.724,99,10,0,0,0,0,0,/9D7
403,Ryan Meisinger\meisiry01,24,BAL,1,0,0,0,0,0,0,0,0,0,0,0,0,,,,,,0,0,0,0,0,0,1
404,Adalberto Mejia\mejiaad01,25,MIN,1,1,1,0,0,0,0,0,0,0,0,0,1,.000,.000,.000,.000,-100,0,0,0,0,0,0,/1
405,Francisco Mejia#\mejiafr01,22,CLE,1,4,2,0,0,0,0,0,0,0,0,2,0,.000,.500,.000,.500,54,0,0,0,0,0,0,/D
406,Yohander Mendez*\mendeyo01,23,TEX,1,2,2,0,0,0,0,0,0,0,0,0,1,.000,.000,.000,.000,-100,0,0,0,0,0,0,/1
407,Daniel Mengden\mengdda01,25,OAK,1,3,3,1,1,0,0,0,1,0,0,0,1,.333,.333,.333,.667,86,1,0,0,0,0,0,1
408,Whit Merrifield\merriwh01,29,KCR,158,707,632,88,192,43,3,12,60,45,10,61,114,.304,.367,.438,.806,121,277,12,6,2,6,2,48D/937
409,Andrew Miller*\millean01,33,CLE,3,1,1,0,0,0,0,0,0,0,0,0,1,.000,.000,.000,.000,-100,0,0,0,0,0,0,1
410,Brad Miller*\millebr02,28,TBR,48,174,156,16,40,10,1,5,21,0,0,16,51,.256,.322,.429,.751,107,67,2,0,0,2,0,3/4D
411,Juan Minaya\minayju01,27,CHW,2,0,0,0,0,0,0,0,0,0,0,0,0,,,,,,0,0,0,0,0,0,1
412,Mike Minor\minormi01,30,TEX,1,3,3,0,1,1,0,0,0,0,0,0,1,.333,.333,.667,1.000,152,2,0,0,0,0,0,1
413,Yoan Moncada#\moncayo01,23,CHW,149,650,578,73,136,32,6,17,61,12,6,67,217,.235,.315,.400,.714,97,231,4,1,2,2,1,*4
414,Adalberto Mondesi#\mondera02,22,KCR,75,291,275,47,76,13,3,14,37,32,7,11,77,.276,.306,.498,.804,116,137,2,1,3,1,0,64/D
415,Frankie Montas\montafr02,25,OAK,2,5,5,0,0,0,0,0,0,0,0,0,5,.000,.000,.000,.000,-100,0,0,0,0,0,0,1
416,Adam Moore\mooread01,34,TBR,8,20,18,2,4,1,0,1,2,0,0,1,7,.222,.263,.444,.708,92,8,0,0,1,0,0,/2
417,Matt Moore*\moorema02,29,TEX,3,0,0,0,0,0,0,0,0,0,0,0,0,,,,,,0,0,0,0,0,0,1
418,Kendrys Morales#\moralke01,35,TOR,130,471,413,47,103,15,0,21,57,2,3,50,95,.249,.331,.438,.769,112,181,15,3,0,5,5,D3/51
419,Mitch Moreland*\morelmi01,32,BOS,124,459,404,57,99,23,4,15,68,2,0,50,102,.245,.325,.433,.758,102,175,12,0,0,5,2,*3/D
420,Mike Morin\morinmi01,27,SEA,1,0,0,0,0,0,0,0,0,0,0,0,0,,,,,,0,0,0,0,0,0,/1
421,Akeel Morris\morriak01,25,LAA,1,0,0,0,0,0,0,0,0,0,0,0,0,,,,,,0,0,0,0,0,0,/1
422,Logan Morrison*\morrilo01,30,MIN,95,359,318,41,59,13,0,15,39,1,0,34,80,.186,.276,.368,.644,73,117,3,6,0,1,0,3D/7
423,Charlie Morton\mortoch02,34,HOU,3,6,6,0,1,0,0,0,0,0,0,0,5,.167,.167,.167,.333,-6,1,0,0,0,0,0,1
424,Taylor Motter\motteta01,28,TOT,16,38,34,2,5,0,0,1,2,1,0,4,8,.147,.237,.235,.472,32,8,0,0,0,0,0,/3945D716
425,Taylor Motter\motteta01,28,SEA,7,17,15,2,4,0,0,1,1,0,0,2,5,.267,.353,.467,.820,129,7,0,0,0,0,0,/39D71
426,Taylor Motter\motteta01,28,MIN,9,21,19,0,1,0,0,0,1,1,0,2,3,.053,.143,.053,.195,-43,1,0,0,0,0,0,/456
427,Mike Moustakas*\moustmi01,29,KCR,98,417,378,46,94,21,1,20,62,3,0,30,63,.249,.309,.468,.778,110,177,10,5,0,4,3,5D/3
428,Gabriel Moya*\moyaga01,23,MIN,1,0,0,0,0,0,0,0,0,0,0,0,0,,,,,,0,0,0,0,0,0,1
429,Cedric Mullins#\mullice01,23,BAL,45,191,170,23,40,9,0,4,11,2,3,17,37,.235,.312,.359,.671,87,61,1,2,2,0,0,8/7
430,Tyler Naquin*\naquity01,27,CLE,61,183,174,22,46,7,0,3,23,1,1,6,42,.264,.295,.356,.651,75,62,1,2,0,1,1,98/7D
431,Omar Narvaez*\narvaom01,26,CHW,97,322,280,30,77,14,1,9,30,0,2,38,65,.275,.366,.429,.794,120,120,5,2,2,0,1,2/D
432,Kristopher Negron\negrokr01,32,SEA,18,30,29,6,6,0,0,1,3,2,0,1,9,.207,.233,.310,.544,52,9,1,0,0,0,0,/57D469
433,Jake Newberry\newbeja01,23,KCR,3,0,0,0,0,0,0,0,0,0,0,0,0,,,,,,0,0,0,0,0,0,1
434,Gift Ngoepe\ngoepgi01,28,TOR,13,19,18,2,1,0,0,0,0,0,0,1,12,.056,.105,.056,.161,-53,1,0,0,0,0,0,/645D
435,Juan Nicasio\nicasju01,31,SEA,3,0,0,0,0,0,0,0,0,0,0,0,0,,,,,,0,0,0,0,0,0,1
436,Daniel Norris*\norrida01,25,DET,2,2,2,0,0,0,0,0,0,0,0,0,1,.000,.000,.000,.000,-100,0,0,0,0,0,0,1
437,Eduardo Nunez\nunezed02,31,BOS,127,502,480,56,127,23,3,10,44,7,2,16,69,.265,.289,.388,.677,81,186,17,2,1,3,0,45D
438,Renato Nunez\nunezre01,24,TOT,73,261,236,28,61,14,0,8,22,0,0,19,62,.258,.322,.419,.741,103,99,4,4,0,2,0,5/7D
439,Renato Nunez\nunezre01,24,TEX,13,41,36,2,6,1,0,1,2,0,0,3,12,.167,.244,.278,.522,36,10,0,1,0,1,0,/57
440,Renato Nunez\nunezre01,24,BAL,60,220,200,26,55,13,0,7,20,0,0,16,50,.275,.336,.445,.781,116,89,4,3,0,1,0,5/D
441,Vidal Nuno*\nunovi01,30,TBR,1,2,2,0,2,0,0,0,1,0,0,0,0,1.000,1.000,1.000,2.000,461,2,0,0,0,0,0,1
442,Darren O'Day\odayda01,35,BAL,2,0,0,0,0,0,0,0,0,0,0,0,0,,,,,,0,0,0,0,0,0,1
443,Ryan O'Hearn*\ohearry01,24,KCR,44,170,149,23,39,10,2,12,30,0,0,20,45,.262,.353,.597,.950,155,89,0,1,0,0,0,3D/7
444,Rougned Odor*\odorro01,24,TEX,129,535,474,76,120,23,2,18,63,12,12,43,127,.253,.326,.424,.751,95,201,5,11,2,5,2,*4/D
445,Jake Odorizzi\odorija01,28,MIN,4,8,6,0,0,0,0,0,0,0,0,0,2,.000,.000,.000,.000,-100,0,0,0,2,0,0,1
446,Seunghwan Oh\ohse01,35,TOR,3,0,0,0,0,0,0,0,0,0,0,0,0,,,,,,0,0,0,0,0,0,1
447,Shohei Ohtani*\ohtansh01,23,LAA,104,367,326,59,93,21,2,22,61,10,4,37,102,.285,.361,.564,.925,152,184,2,2,0,1,2,D1
448,Matt Olson*\olsonma02,24,OAK,162,660,580,85,143,33,0,29,84,2,1,70,163,.247,.335,.453,.788,116,263,13,8,0,2,3,*3
449,Tyler Olson\olsonty01,28,CLE,3,0,0,0,0,0,0,0,0,0,0,0,0,,,,,,0,0,0,0,0,0,1
450,Paulo Orlando\orlanpa01,32,KCR,25,93,90,6,15,3,0,0,5,0,0,3,25,.167,.194,.200,.394,9,18,3,0,0,0,0,8/D79
451,Roberto Osuna\osunaro01,23,TOT,1,0,0,0,0,0,0,0,0,0,0,0,0,,,,,,0,0,0,0,0,0,1
452,Roberto Osuna\osunaro01,23,HOU,1,0,0,0,0,0,0,0,0,0,0,0,0,,,,,,0,0,0,0,0,0,1
453,Dan Otero\oteroda01,33,CLE,4,0,0,0,0,0,0,0,0,0,0,0,0,,,,,,0,0,0,0,0,0,1
454,Emilio Pagan*\paganem01,27,OAK,4,0,0,0,0,0,0,0,0,0,0,0,0,,,,,,0,0,0,0,0,0,1
455,Daniel Palka*\palkada01,26,CHW,124,449,417,56,100,15,3,27,67,2,1,30,153,.240,.294,.484,.778,111,202,7,2,0,0,3,D97
456,Thomas Pannone*\pannoth01,24,TOR,1,0,0,0,0,0,0,0,0,0,0,0,0,,,,,,0,0,0,0,0,0,1
457,Blake Parker\parkebl01,33,LAA,4,0,0,0,0,0,0,0,0,0,0,0,0,,,,,,0,0,0,0,0,0,1
458,James Pazos\pazosja01,27,SEA,2,0,0,0,0,0,0,0,0,0,0,0,0,,,,,,0,0,0,0,0,0,1
459,Brad Peacock\peacobr01,30,HOU,3,1,1,0,0,0,0,0,0,0,0,0,1,.000,.000,.000,.000,-100,0,0,0,0,0,0,1
460,Steve Pearce\pearcst01,35,TOT,76,251,215,35,61,14,1,11,42,0,0,29,41,.284,.378,.512,.890,140,110,2,5,0,2,0,3D/79
461,Steve Pearce\pearcst01,35,TOR,26,86,79,16,23,6,0,4,16,0,0,7,14,.291,.349,.519,.868,137,41,1,0,0,0,0,D/739
462,Steve Pearce\pearcst01,35,BOS,50,165,136,19,38,8,1,7,26,0,0,22,27,.279,.394,.507,.901,141,69,1,5,0,2,0,3D/
463,Dustin Pedroia\pedrodu01,34,BOS,3,13,11,1,1,0,0,0,0,0,0,2,1,.091,.231,.091,.322,-7,1,0,0,0,0,0,/4
464,C.D. Pelham*\pelhacd01,23,TEX,1,0,0,0,0,0,0,0,0,0,0,0,0,,,,,,0,0,0,0,0,0,1
465,Felix Pena\penafe01,28,LAA,3,6,6,0,0,0,0,0,0,0,0,0,1,.000,.000,.000,.000,-100,0,0,0,0,0,0,1
466,Wily Peralta\peralwi01,29,KCR,2,0,0,0,0,0,0,0,0,0,0,0,0,,,,,,0,0,0,0,0,0,1
467,Carlos Perez\perezca02,27,TEX,20,53,49,1,7,2,0,1,3,1,0,1,15,.143,.176,.245,.421,9,12,3,1,2,0,0,2
468,Cionel Perez*\perezci01,22,HOU,1,0,0,0,0,0,0,0,0,0,0,0,0,,,,,,0,0,0,0,0,0,/1
469,Martin Perez*\perezma02,27,TEX,3,3,3,0,0,0,0,0,0,0,0,0,3,.000,.000,.000,.000,-100,0,0,0,0,0,0,1
470,Michael Perez*\perezmi03,25,TBR,24,80,74,9,21,5,0,1,11,0,0,3,19,.284,.304,.392,.696,92,29,0,0,1,2,0,2
471,Oliver Perez*\perezol01,36,CLE,4,0,0,0,0,0,0,0,0,0,0,0,0,,,,,,0,0,0,0,0,0,1
472,Roberto Perez\perezro02,29,CLE,62,210,179,16,30,9,1,2,19,1,0,21,70,.168,.256,.263,.519,41,47,6,1,7,2,0,2/D
473,Salvador Perez\perezsa02,28,KCR,129,544,510,52,120,23,0,27,80,1,1,17,108,.235,.274,.439,.713,92,224,19,12,0,5,0,2D/3
474,Jace Peterson*\peterja01,28,TOT,96,246,210,21,42,13,2,3,28,13,3,31,58,.200,.310,.324,.634,78,68,8,3,1,1,0,54/67D19
475,Jace Peterson*\peterja01,28,NYY,3,11,10,0,3,0,0,0,0,0,1,1,3,.300,.364,.300,.664,83,3,0,0,0,0,0,/79
476,Jace Peterson*\peterja01,28,BAL,93,235,200,21,39,13,2,3,28,13,2,30,55,.195,.308,.325,.633,77,65,8,3,1,1,0,54/6D1
477,Gregorio Petit\petitgr01,33,MIN,26,67,61,7,15,2,0,0,3,3,1,6,14,.246,.313,.279,.592,64,17,0,0,0,0,0,4/653D
478,Yusmeiro Petit\petityu01,33,OAK,4,0,0,0,0,0,0,0,0,0,0,0,0,,,,,,0,0,0,0,0,0,1
479,Jake Petricka\petrija01,30,TOR,2,1,1,0,0,0,0,0,0,0,0,0,1,.000,.000,.000,.000,-100,0,0,0,0,0,0,1
480,Tommy Pham\phamth01,30,TBR,39,174,143,35,49,7,6,7,22,5,1,25,43,.343,.448,.622,1.071,194,89,6,4,0,2,1,7/8D
481,Josh Phegley\phegljo01,30,OAK,39,102,93,13,19,7,0,2,15,0,0,6,27,.204,.255,.344,.599,64,32,3,1,0,2,0,2
482,Brandon Phillips\phillbr01,37,BOS,9,27,23,4,3,0,0,1,2,0,0,4,7,.130,.259,.261,.520,42,6,1,0,0,0,0,/45D
483,Brett Phillips*\phillbr02,24,KCR,36,123,112,13,21,4,2,2,7,1,1,9,50,.188,.252,.313,.565,55,35,1,1,0,1,0,/D
484,Kevin Pillar\pillake01,29,TOR,142,542,512,65,129,40,2,15,59,14,3,18,98,.252,.282,.426,.708,93,218,8,6,0,6,0,*8
485,Chad Pinder\pindech01,26,OAK,110,333,298,43,77,12,1,13,27,0,2,27,88,.258,.332,.436,.769,111,130,4,6,2,0,1,745/9863D
486,Stephen Piscotty\piscost01,27,OAK,151,605,546,78,146,41,0,27,88,2,0,42,114,.267,.331,.491,.821,123,268,21,12,0,5,0,*9
487,Adam Plutko\plutkad01,26,CLE,1,2,0,0,0,0,0,0,0,0,0,0,0,,,,,,0,0,0,2,0,0,1
488,Jorge Polanco#\polanjo01,24,MIN,77,333,302,38,87,18,3,6,42,7,7,25,62,.288,.345,.427,.773,109,129,5,2,3,1,0,6
489,Drew Pomeranz\pomerdr01,29,BOS,3,0,0,0,0,0,0,0,0,0,0,0,0,,,,,,0,0,0,0,0,0,1
490,Dalton Pompey#\pompeda01,25,TOR,5,11,10,0,2,0,0,0,0,0,0,1,6,.200,.273,.200,.473,35,2,0,0,0,0,0,/7
491,Rick Porcello\porceri01,29,BOS,3,7,7,1,3,2,0,0,3,0,0,0,3,.429,.429,.714,1.143,201,5,0,0,0,0,0,1
492,Boog Powell*\powelbo02,25,OAK,7,25,24,3,4,1,1,0,0,1,1,1,6,.167,.200,.292,.492,34,7,1,0,0,0,0,/8
493,Bobby Poyner*\poynebo01,25,BOS,2,0,0,0,0,0,0,0,0,0,0,0,0,,,,,,0,0,0,0,0,0,1
494,Ryan Pressly\pressry01,29,TOT,6,0,0,0,0,0,0,0,0,0,0,0,0,,,,,,0,0,0,0,0,0,1
495,Ryan Pressly\pressry01,29,MIN,4,0,0,0,0,0,0,0,0,0,0,0,0,,,,,,0,0,0,0,0,0,1
496,Ryan Pressly\pressry01,29,HOU,2,0,0,0,0,0,0,0,0,0,0,0,0,,,,,,0,0,0,0,0,0,1
497,Jurickson Profar#\profaju01,25,TEX,146,594,524,82,133,35,6,20,77,10,0,54,88,.254,.335,.458,.793,105,240,9,12,0,4,1,6534/D7
498,Austin Pruitt\pruitau01,28,TBR,1,0,0,0,0,0,0,0,0,0,0,0,0,,,,,,0,0,0,0,0,0,1
499,Albert Pujols\pujolal01,38,LAA,117,498,465,50,114,20,0,19,64,1,0,28,65,.245,.289,.411,.700,92,191,12,2,0,3,3,3D
500,Erasmo Ramirez\ramirer02,28,SEA,2,3,3,0,0,0,0,0,0,0,0,0,2,.000,.000,.000,.000,-100,0,0,0,0,0,0,1
501,Hanley Ramirez\ramirha01,34,BOS,44,195,177,25,45,7,0,6,29,4,1,14,35,.254,.313,.395,.708,90,70,9,2,0,2,0,3D
502,Jose Ramirez#\ramirjo01,25,CLE,157,698,578,110,156,38,4,39,105,34,6,106,80,.270,.387,.552,.939,150,319,2,8,0,6,15,*54/D
503,Neil Ramirez\ramirne01,29,CLE,3,1,1,0,0,0,0,0,0,0,0,0,1,.000,.000,.000,.000,-100,0,0,0,0,0,0,1
504,Noe Ramirez\ramirno01,28,LAA,4,0,0,0,0,0,0,0,0,0,0,0,0,,,,,,0,0,0,0,0,0,1
505,Yefry Ramirez\ramirye01,24,BAL,1,2,2,0,0,0,0,0,0,0,0,0,1,.000,.000,.000,.000,-100,0,0,0,0,0,0,1
506,Wilson Ramos\ramoswi01,30,TBR,78,315,293,30,87,14,0,14,53,0,0,22,61,.297,.346,.488,.834,129,143,17,0,0,0,1,2/D
507,Colby Rasmus*\rasmuco01,31,BAL,18,49,45,5,6,1,0,1,1,0,0,3,19,.133,.204,.222,.426,19,10,0,1,0,0,0,9/7D8
508,Josh Reddick*\reddijo01,31,HOU,134,487,433,63,105,13,2,17,47,7,2,49,77,.242,.318,.400,.718,99,173,9,0,1,2,3,*97/D
509,Addison Reed*\reedad01,29,MIN,5,0,0,0,0,0,0,0,0,0,0,0,0,,,,,,0,0,0,0,0,0,1
510,AJ Reed*\reedaj01,25,HOU,1,3,3,0,0,0,0,0,0,0,0,0,1,.000,.000,.000,.000,-100,0,0,0,0,0,0,/3
511,Rob Refsnyder\refsnro01,27,TBR,40,103,84,10,14,3,0,2,5,0,2,18,26,.167,.314,.274,.588,66,23,5,0,0,0,0,7D/93
512,Sean Reid-Foley\reidfse01,22,TOR,1,3,3,0,0,0,0,0,0,0,0,0,3,.000,.000,.000,.000,-100,0,0,0,0,0,0,/1
513,Zac Reininger#\reiniza01,25,DET,2,0,0,0,0,0,0,0,0,0,0,0,0,,,,,,0,0,0,0,0,0,1
514,Tony Renda\rendato01,27,BOS,1,0,0,1,0,0,0,0,0,0,0,0,0,,,,,,0,0,0,0,0,0,
515,Victor Reyes#\reyesvi01,23,DET,100,219,212,35,47,5,3,1,12,9,1,5,46,.222,.239,.288,.526,43,61,4,0,1,1,0,7D8/9
516,Joey Rickard\rickajo01,27,BAL,79,230,213,27,52,10,1,8,23,4,2,15,55,.244,.300,.413,.713,97,88,3,2,0,0,0,97/8
517,Rene Rivera\riverre01,34,LAA,30,87,82,8,20,4,0,4,11,0,0,4,32,.244,.287,.439,.726,98,36,3,1,0,0,0,2/3D
518,Daniel Robertson\roberda10,24,TBR,87,340,282,46,74,16,0,9,34,2,2,43,77,.262,.382,.415,.797,122,117,7,13,0,2,0,465/7D31
519,David Robertson\roberda08,33,NYY,4,0,0,0,0,0,0,0,0,0,0,0,0,,,,,,0,0,0,0,0,0,1
520,Drew Robinson*\robindr01,26,TEX,47,125,109,20,20,3,0,3,9,2,1,16,57,.183,.288,.294,.582,53,32,0,0,0,0,0,8/745D96
521,Shane Robinson\robinsh01,33,NYY,25,54,49,8,7,1,0,1,2,1,0,4,6,.143,.208,.224,.432,17,11,2,0,1,0,0,9/78D
522,Hansel Robles\robleha01,27,LAA,3,0,0,0,0,0,0,0,0,0,0,0,0,,,,,,0,0,0,0,0,0,1
523,Fernando Rodney\rodnefe01,41,TOT,4,0,0,0,0,0,0,0,0,0,0,0,0,,,,,,0,0,0,0,0,0,1
524,Fernando Rodney\rodnefe01,41,MIN,4,0,0,0,0,0,0,0,0,0,0,0,0,,,,,,0,0,0,0,0,0,1
525,Eduardo Rodriguez*\rodried05,25,BOS,1,2,2,0,0,0,0,0,0,0,0,0,1,.000,.000,.000,.000,-100,0,0,0,0,0,0,1
526,Ronny Rodriguez\rodriro03,26,DET,62,206,191,17,42,7,0,5,20,2,0,10,42,.220,.256,.335,.591,60,64,7,0,3,2,0,6453/D9
527,Chaz Roe\roech01,31,TBR,5,0,0,0,0,0,0,0,0,0,0,0,0,,,,,,0,0,0,0,0,0,1
528,Taylor Rogers*\rogerta01,27,MIN,5,0,0,0,0,0,0,0,0,0,0,0,0,,,,,,0,0,0,0,0,0,1
529,Fernando Romero\romerfe01,23,MIN,1,3,3,0,0,0,0,0,0,0,0,0,3,.000,.000,.000,.000,-100,0,0,0,0,0,0,1
530,Andrew Romine#\rominan01,32,SEA,72,131,119,15,25,2,1,0,2,1,0,7,39,.210,.260,.244,.504,44,29,2,1,4,0,0,463/5D7189
531,Austin Romine\rominau01,29,NYY,77,265,242,30,59,12,0,10,42,1,0,17,67,.244,.295,.417,.713,90,101,10,2,1,3,0,2
532,Sergio Romo\romose01,35,TBR,5,1,1,0,0,0,0,0,0,0,0,0,1,.000,.000,.000,.000,-100,0,0,0,0,0,0,1/5
533,Bruce Rondon\rondobr01,27,CHW,5,0,0,0,0,0,0,0,0,0,0,0,0,,,,,,0,0,0,0,0,0,1
534,Hector Rondon\rondohe01,30,HOU,7,0,0,0,0,0,0,0,0,0,0,0,0,,,,,,0,0,0,0,0,0,1
535,Jose Rondon\rondojo02,24,CHW,42,107,100,15,23,6,0,6,14,2,1,7,30,.230,.280,.470,.750,103,47,3,0,0,0,0,D6/543
536,Adam Rosales\rosalad01,35,CLE,13,21,19,4,4,1,0,1,2,0,0,1,5,.211,.250,.421,.671,76,8,0,0,1,0,0,/3456
537,Eddie Rosario*\rosared01,26,MIN,138,592,559,87,161,31,2,24,77,8,2,30,104,.288,.323,.479,.803,115,268,4,0,1,2,5,*7D/985
538,Ryan Rua\ruary01,28,TEX,61,147,139,17,27,3,1,6,12,3,1,5,53,.194,.221,.360,.580,48,50,2,0,2,1,0,7/398D1
539,Connor Sadzeck\sadzeco01,26,TEX,2,0,0,0,0,0,0,0,0,0,0,0,0,,,,,,0,0,0,0,0,0,1
540,Tyler Saladino\saladty01,28,CHW,6,9,8,2,2,1,0,0,0,0,0,0,3,.250,.250,.375,.625,71,3,0,0,1,0,0,/5D
541,Chris Sale*\salech01,29,BOS,1,2,2,0,0,0,0,0,0,0,0,0,2,.000,.000,.000,.000,-100,0,0,0,0,0,0,1
542,Jarrod Saltalamacchia#\saltaja01,33,DET,5,8,7,0,0,0,0,0,0,0,0,1,4,.000,.125,.000,.125,-61,0,0,0,0,0,0,/32D
543,Aaron Sanchez\sanchaa01,25,TOR,1,1,1,0,0,0,0,0,0,0,0,0,0,.000,.000,.000,.000,-100,0,0,0,0,0,0,1
544,Carlos Sanchez#\sanchca01,26,CHW,155,662,600,62,145,34,10,8,55,14,6,49,138,.242,.306,.372,.678,88,223,9,8,2,3,0,*5/46D
545,Gary Sanchez\sanchga02,25,NYY,89,374,323,51,60,17,0,18,53,1,0,46,94,.186,.291,.406,.697,86,131,10,3,0,2,0,2D
546,Miguel Sano\sanomi01,25,MIN,71,299,266,32,53,14,0,13,41,0,0,31,115,.199,.281,.398,.679,82,106,7,0,0,2,0,53/D
547,Anthony Santander#\santaan02,23,BAL,33,108,101,8,20,5,1,1,6,1,0,6,21,.198,.250,.297,.547,52,30,1,1,0,0,0,9/D7
548,Hector Santiago\santihe01,30,CHW,5,4,4,0,0,0,0,0,0,0,0,0,2,.000,.000,.000,.000,-100,0,1,0,0,0,0,1
549,Luis Santos\santolu01,27,TOR,1,0,0,0,0,0,0,0,0,0,0,0,0,,,,,,0,0,0,0,0,0,1
550,Luis Sardinas#\sardilu01,25,BAL,8,20,18,2,2,0,0,1,1,0,0,2,5,.111,.200,.278,.478,32,5,1,0,0,0,0,/4
551,Warwick Saupold\saupowa01,28,DET,3,1,1,0,0,0,0,0,0,0,0,0,1,.000,.000,.000,.000,-100,0,0,0,0,0,0,1
552,Ryan Schimpf*\schimry01,30,LAA,5,7,5,2,1,0,0,1,2,0,0,2,3,.200,.429,.800,1.229,231,4,0,0,0,0,0,/4579
553,Jonathan Schoop\schoojo01,26,BAL,85,367,349,45,85,18,1,17,40,0,1,12,74,.244,.273,.447,.720,96,156,8,3,1,2,1,4/6
554,Robby Scott#\scottro02,28,BOS,1,0,0,0,0,0,0,0,0,0,0,0,0,,,,,,0,0,0,0,0,0,/1
555,Tanner Scott\scottta01,23,BAL,2,0,0,0,0,0,0,0,0,0,0,0,0,,,,,,0,0,0,0,0,0,1
556,Kyle Seager*\seageky01,30,SEA,155,630,583,62,129,36,1,22,78,2,2,38,138,.221,.273,.400,.673,86,233,10,5,0,4,3,*5/4D
557,Jean Segura\segurje01,28,SEA,144,632,586,91,178,29,3,10,63,20,11,32,69,.304,.341,.415,.755,112,243,17,4,4,6,2,*6
558,Marcus Semien\semiema01,27,OAK,159,703,632,89,161,35,2,15,70,14,6,61,131,.255,.318,.388,.706,94,245,12,1,2,7,1,*6
559,Luis Severino\severlu01,24,NYY,2,5,5,0,0,0,0,0,0,0,0,0,4,.000,.000,.000,.000,-100,0,0,0,0,0,0,1
560,James Shields\shielja02,36,CHW,3,7,6,0,1,0,0,0,0,0,0,0,3,.167,.167,.167,.333,-7,1,0,0,1,0,0,1
561,Chasen Shreve*\shrevch01,27,NYY,3,0,0,0,0,0,0,0,0,0,0,0,0,,,,,,0,0,0,0,0,0,1
562,Andrelton Simmons\simmoan01,28,LAA,146,600,554,68,162,26,5,11,75,10,2,35,44,.292,.337,.417,.754,108,231,17,5,1,5,2,*6/D
563,Tony Sipp*\sippto01,34,HOU,3,0,0,0,0,0,0,0,0,0,0,0,0,,,,,,0,0,0,0,0,0,1
564,Chance Sisco*\siscoch01,23,BAL,63,184,160,13,29,8,0,2,16,1,0,13,66,.181,.288,.269,.557,57,43,2,11,0,0,0,2/D
565,Eric Skoglund*\skogler01,25,KCR,2,3,3,0,0,0,0,0,0,0,0,0,2,.000,.000,.000,.000,-100,0,0,0,0,0,0,1
566,Matt Skole*\skolema01,28,CHW,4,13,11,2,3,0,0,1,1,0,0,2,3,.273,.385,.545,.930,155,6,0,0,0,0,0,/D3
567,Burch Smith\smithbu03,28,KCR,2,0,0,0,0,0,0,0,0,0,0,0,0,,,,,,0,0,0,0,0,0,1
568,Carson Smith\smithca02,28,BOS,1,0,0,0,0,0,0,0,0,0,0,0,0,,,,,,0,0,0,0,0,0,1
569,Dwight Smith Jr.*\smithdw02,25,TOR,35,75,65,9,17,8,0,2,8,0,0,7,13,.262,.347,.477,.824,126,31,1,2,0,1,0,7/9D
570,Joe Smith\smithjo05,34,HOU,6,0,0,0,0,0,0,0,0,0,0,0,0,,,,,,0,0,0,0,0,0,1
571,Kevan Smith\smithke04,30,CHW,52,187,171,21,50,6,0,3,21,1,0,10,18,.292,.348,.380,.728,103,65,5,5,0,1,0,2/D
572,Mallex Smith*\smithma05,25,TBR,141,544,480,65,142,27,10,2,40,40,12,47,98,.296,.367,.406,.773,115,195,11,8,7,2,0,*897/D
573,Murphy Smith\smithmu01,30,TOR,1,0,0,0,0,0,0,0,0,0,0,0,0,,,,,,0,0,0,0,0,0,/1
574,Justin Smoak#\smoakju01,31,TOR,147,594,505,67,122,34,0,25,77,0,1,83,156,.242,.350,.457,.808,122,231,11,3,0,3,2,*3D
575,Jake Smolinski\smolija01,29,OAK,19,41,39,2,5,1,1,0,2,1,0,1,10,.128,.171,.205,.376,4,8,4,1,0,0,0,8/71
576,Blake Snell*\snellbl01,25,TBR,1,3,1,0,0,0,0,0,0,0,0,1,1,.000,.667,.000,.667,112,0,0,1,0,0,0,1
577,Brandon Snyder\snydebr03,31,TBR,2,6,6,0,1,1,0,0,0,0,0,0,2,.167,.167,.333,.500,34,2,0,0,0,0,0,/5
578,Yangervis Solarte#\solarya01,30,TOR,122,506,468,50,106,20,0,17,54,1,3,31,72,.226,.277,.378,.655,80,177,21,3,1,3,1,54/D63
579,Jorge Soler\solerjo01,26,KCR,61,257,223,27,59,18,0,9,28,3,1,28,69,.265,.354,.466,.820,124,104,6,4,0,2,0,9/D
580,Joakim Soria\soriajo01,34,CHW,3,0,0,0,0,0,0,0,0,0,0,0,0,,,,,,0,0,0,0,0,0,1
581,Denard Span*\spande01,34,TOT,137,501,437,63,114,22,7,11,58,9,4,51,79,.261,.341,.419,.760,112,183,10,6,0,7,0,*7D/8
582,Denard Span*\spande01,34,TBR,43,173,143,27,34,7,1,4,28,6,2,28,24,.238,.364,.385,.749,109,55,5,1,0,1,0,7/D8
583,Denard Span*\spande01,34,SEA,94,328,294,36,80,15,6,7,30,3,2,23,55,.272,.329,.435,.765,113,128,5,5,0,6,0,/D
584,George Springer\springe01,28,HOU,140,620,544,102,144,26,0,22,71,6,4,64,122,.265,.346,.434,.780,116,236,12,5,0,3,0,*89D/7
585,Jeffrey Springs*\sprinje01,25,TEX,4,0,0,0,0,0,0,0,0,0,0,0,0,,,,,,0,0,0,0,0,0,1
586,Ryne Stanek\stanery01,26,TBR,5,0,0,0,0,0,0,0,0,0,0,0,0,,,,,,0,0,0,0,0,0,1
587,Giancarlo Stanton\stantmi03,28,NYY,158,705,617,102,164,34,1,38,100,5,0,70,211,.266,.343,.509,.852,126,314,17,8,0,10,5,D97
588,Max Stassi\stassma01,27,HOU,88,250,221,28,50,13,0,8,27,0,0,23,74,.226,.316,.394,.710,97,87,6,6,0,0,0,2/D
589,Christin Stewart*\stewach02,24,DET,17,72,60,7,16,1,1,2,10,0,0,10,13,.267,.375,.417,.792,117,25,1,1,0,1,0,7/D
590,DJ Stewart*\stewadj01,24,BAL,17,47,40,8,10,3,0,3,10,2,1,4,12,.250,.340,.550,.890,143,22,0,2,0,1,0,/79D
591,Myles Straw\strawmy01,23,HOU,9,10,9,4,3,0,0,1,1,2,0,1,0,.333,.400,.667,1.067,190,6,0,0,0,0,0,/987
592,Marcus Stroman\stromma01,27,TOR,1,3,3,0,1,0,0,0,0,0,0,0,1,.333,.333,.333,.667,87,1,0,0,0,0,0,1
593,Daniel Stumpf*\stumpda01,27,DET,4,0,0,0,0,0,0,0,0,0,0,0,0,,,,,,0,0,0,0,0,0,1
594,Jesus Sucre\sucreje01,30,TBR,73,198,182,9,38,5,0,1,17,1,0,9,29,.209,.247,.253,.500,40,46,4,1,4,2,2,2/1
595,Andrew Susac\susacan01,28,BAL,9,26,26,1,3,1,0,0,0,0,0,0,12,.115,.115,.154,.269,-26,4,0,0,0,0,0,/2
596,Ichiro Suzuki*\suzukic01,44,SEA,15,47,44,5,9,0,0,0,0,0,0,3,7,.205,.255,.205,.460,33,9,0,0,0,0,0,7/D9
597,Darnell Sweeney#\sweenda02,27,TOR,2,4,2,0,0,0,0,0,0,0,0,2,0,.000,.500,.000,.500,59,0,0,0,0,0,0,/57
598,Blake Swihart#\swihabl01,26,BOS,82,207,192,28,44,10,0,3,18,6,1,15,57,.229,.285,.328,.613,65,63,4,0,0,0,0,2D93/754
599,Masahiro Tanaka\tanakma01,29,NYY,3,6,6,1,0,0,0,0,0,0,0,0,1,.000,.000,.000,.000,-100,0,0,0,0,0,0,1
600,Beau Taylor*\taylobe11,28,OAK,7,6,5,0,1,1,0,0,0,0,0,1,2,.200,.333,.400,.733,102,2,0,0,0,0,0,/2D
601,Rowdy Tellez*\tellero01,23,TOR,23,73,70,10,22,9,0,4,14,0,0,2,21,.314,.329,.614,.943,154,43,0,0,0,1,0,3/D
602,Ryan Tepera\teperry01,30,TOR,3,0,0,0,0,0,0,0,0,0,0,0,0,,,,,,0,0,0,0,0,0,1
603,Trayce Thompson\thomptr01,27,TOT,51,137,128,15,15,3,0,3,9,3,1,7,50,.117,.162,.211,.373,3,27,0,0,1,1,1,9/78
604,Trayce Thompson\thomptr01,27,OAK,3,7,7,1,1,0,0,0,0,0,0,0,4,.143,.143,.143,.286,-20,1,0,0,0,0,0,9/78
605,Trayce Thompson\thomptr01,27,CHW,48,130,121,14,14,3,0,3,9,3,1,7,46,.116,.163,.215,.378,4,26,0,0,1,1,1,
606,Charlie Tilson*\tilsoch01,25,CHW,41,121,106,7,28,1,1,0,11,2,3,10,20,.264,.331,.292,.623,76,31,2,1,2,1,0,7/8D
607,Carlos Tocci\toccica01,22,TEX,65,135,120,11,27,3,2,0,5,0,3,7,39,.225,.271,.283,.555,46,34,2,1,6,1,0,89/7D1
608,Josh Tomlin\tomlijo01,33,CLE,4,0,0,0,0,0,0,0,0,0,0,0,0,,,,,,0,0,0,0,0,0,1
609,Gleyber Torres\torregl01,21,NYY,123,484,431,54,117,16,1,24,77,6,2,42,122,.271,.340,.480,.820,118,207,8,5,1,5,3,*46
610,Ramon Torres#\torrera01,25,KCR,9,29,28,4,5,1,0,0,1,0,0,1,3,.179,.207,.214,.421,17,6,1,0,0,0,0,/54
611,Ronald Torreyes\torrero01,25,NYY,41,102,100,9,28,7,1,0,7,0,0,2,16,.280,.294,.370,.664,78,37,3,0,0,0,0,45/6
612,Devon Travis\travide01,27,TOR,103,378,357,41,83,14,3,11,44,3,2,16,64,.232,.275,.381,.656,80,136,8,5,0,0,1,4
613,Sam Travis\travisa01,24,BOS,19,38,36,5,8,3,0,1,7,0,0,2,10,.222,.263,.389,.652,73,14,1,0,0,0,0,/7D39
614,Blake Treinen\treinbl01,30,OAK,3,0,0,0,0,0,0,0,0,0,0,0,0,,,,,,0,0,0,0,0,0,1
615,Jose Trevino\trevijo01,25,TEX,3,8,8,0,2,0,0,0,3,0,0,0,1,.250,.250,.250,.500,32,2,1,0,0,0,0,/2
616,Lou Trivino\trivilo01,26,OAK,4,0,0,0,0,0,0,0,0,0,0,0,0,,,,,,0,0,0,0,0,0,1
617,Mike Trout\troutmi01,26,LAA,140,608,471,101,147,24,4,39,79,24,2,122,124,.312,.460,.628,1.088,199,296,5,10,0,4,25,*8D
618,Mark Trumbo\trumbma01,32,BAL,90,358,330,41,86,12,0,17,44,0,0,24,87,.261,.313,.452,.764,110,149,10,2,0,2,0,D9/3
619,Kyle Tucker*\tuckeky01,21,HOU,28,72,64,10,9,2,1,0,4,1,1,6,13,.141,.236,.203,.439,25,13,1,2,0,0,0,7/98
620,Spencer Turnbull\turnbsp01,25,DET,1,2,2,0,0,0,0,0,0,0,0,0,1,.000,.000,.000,.000,-100,0,0,0,0,0,0,/1
621,Justin Upton\uptonju01,30,LAA,145,613,533,80,137,18,1,30,85,8,2,64,176,.257,.344,.463,.808,122,247,12,10,0,6,1,*7/D
622,Richard Urena#\urenari01,22,TOR,40,108,99,10,29,4,0,1,6,2,1,7,32,.293,.340,.364,.703,96,36,3,0,2,0,0,64/5
623,Gio Urshela\urshegi01,26,TOR,19,46,43,7,10,1,0,1,3,0,0,2,10,.233,.283,.326,.608,69,14,1,1,0,0,0,5/6D
624,Luis Valbuena*\valbulu01,32,LAA,96,288,266,23,53,9,0,9,33,3,0,19,100,.199,.253,.335,.588,62,89,2,1,0,2,3,53/4D
625,Danny Valencia\valenda01,33,BAL,78,282,255,28,67,8,1,9,28,1,1,22,53,.263,.316,.408,.723,100,104,8,0,0,5,2,59D/31
626,Breyvic Valera#\valerbr01,26,BAL,12,41,35,4,10,0,1,0,4,1,0,3,9,.286,.325,.343,.668,87,12,0,0,1,2,0,4/6
627,Christian Vazquez\vazquch01,27,BOS,80,269,251,24,52,10,0,3,16,4,1,13,41,.207,.257,.283,.540,46,71,5,4,1,0,1,2/5D
628,Andrew Velazquez#\velazan01,23,TBR,13,12,10,3,3,1,0,0,0,1,0,1,3,.300,.417,.400,.817,130,4,0,1,0,0,0,/5486D79
629,Hector Velazquez\velazhe01,29,BOS,3,1,1,0,0,0,0,0,0,0,0,0,0,.000,.000,.000,.000,-100,0,0,0,0,0,0,1
630,Jonny Venters*\ventejo01,33,TBR,2,0,0,0,0,0,0,0,0,0,0,0,0,,,,,,0,0,0,0,0,0,1
631,Drew VerHagen\verhadr01,27,DET,2,1,1,0,0,0,0,0,0,0,0,0,0,.000,.000,.000,.000,-100,0,0,0,0,0,0,1
632,Justin Verlander\verlaju01,35,HOU,2,5,5,0,1,0,0,0,0,0,0,0,2,.200,.200,.200,.400,13,1,0,0,0,0,0,1
633,Engelb Vielma#\vielmen01,24,BAL,6,8,7,1,1,0,0,0,0,0,0,1,4,.143,.250,.143,.393,15,1,0,0,0,0,0,/46
634,Jonathan Villar#\villajo01,27,BAL,54,236,209,28,54,4,0,8,24,21,3,22,58,.258,.336,.392,.729,103,82,4,3,1,1,0,46
635,Meibrys Viloria*\vilorme01,21,KCR,10,29,27,4,7,2,0,0,4,0,0,1,9,.259,.286,.333,.619,70,9,1,0,1,0,0,2
636,Zach Vincej\vinceza01,27,SEA,1,4,4,0,2,0,0,0,1,0,0,0,1,.500,.500,.500,1.000,184,2,0,0,0,0,0,/5
637,Nick Vincent\vinceni01,31,SEA,4,0,0,0,0,0,0,0,0,0,0,0,0,,,,,,0,0,0,0,0,0,1
638,Dan Vogelbach*\vogelda01,25,SEA,37,102,87,9,18,2,0,4,13,0,0,13,26,.207,.324,.368,.691,95,32,4,2,0,0,0,3/D
639,Luke Voit\voitlu01,27,NYY,39,148,132,28,44,5,0,14,33,0,0,15,39,.333,.405,.689,1.095,188,91,3,1,0,0,0,3/D
640,Chris Volstad\volstch01,31,CHW,4,0,0,0,0,0,0,0,0,0,0,0,0,,,,,,0,0,0,0,0,0,1
641,Tyler Wade*\wadety01,23,NYY,36,70,66,8,11,4,0,1,5,1,0,4,23,.167,.214,.273,.487,30,18,1,0,0,0,0,4/96587
642,Marcus Walden\waldema01,29,BOS,2,0,0,0,0,0,0,0,0,0,0,0,0,,,,,,0,0,0,0,0,0,/1
643,Neil Walker#\walkene01,32,NYY,113,398,347,48,76,12,1,11,46,0,0,42,87,.219,.309,.354,.664,79,123,3,5,0,4,3,3459/D7
644,Taylor Ward\wardta01,24,LAA,40,147,135,14,24,3,0,6,15,2,0,9,45,.178,.245,.333,.578,59,45,0,3,0,0,0,5
645,Adam Warren\warread01,30,TOT,4,0,0,0,0,0,0,0,0,0,0,0,0,,,,,,0,0,0,0,0,0,1
646,Adam Warren\warread01,30,NYY,3,0,0,0,0,0,0,0,0,0,0,0,0,,,,,,0,0,0,0,0,0,1
647,Adam Warren\warread01,30,SEA,1,0,0,0,0,0,0,0,0,0,0,0,0,,,,,,0,0,0,0,0,0,1
648,Ryan Weber\weberry01,27,TBR,1,1,1,0,0,0,0,0,0,0,0,0,1,.000,.000,.000,.000,-100,0,0,0,0,0,0,/1
649,J.B. Wendelken\wendejb01,25,OAK,1,0,0,0,0,0,0,0,0,0,0,0,0,,,,,,0,0,0,0,0,0,1
650,Joey Wendle*\wendljo01,28,TBR,139,545,487,62,146,33,6,7,61,16,4,37,96,.300,.354,.435,.789,118,212,11,9,2,10,4,4576/9
651,Tyler White\whitety01,27,HOU,66,237,210,27,58,12,3,12,42,0,1,24,49,.276,.354,.533,.888,143,112,1,2,0,1,0,3D
652,Steve Wilkerson#\wilkest01,26,BAL,16,49,46,2,8,3,0,0,3,1,0,3,16,.174,.224,.239,.464,30,11,0,0,0,0,0,/456
653,Justin Williams*\williju02,22,TBR,1,1,1,0,0,0,0,0,0,0,0,0,0,.000,.000,.000,.000,-100,0,1,0,0,0,0,/9
654,Alex Wilson\wilsoal01,31,DET,6,0,0,0,0,0,0,0,0,0,0,0,0,,,,,,0,0,0,0,0,0,1
655,Bobby Wilson\wilsobo02,35,MIN,47,151,135,12,24,8,0,2,16,0,0,12,37,.178,.242,.281,.523,42,38,6,0,2,2,0,2
656,Hunter Wood\woodhu01,24,TBR,4,0,0,0,0,0,0,0,0,0,0,0,0,,,,,,0,0,0,0,0,0,1/D
657,Brandon Workman\workmbr01,29,BOS,4,0,0,0,0,0,0,0,0,0,0,0,0,,,,,,0,0,0,0,0,0,1
658,Mike Wright Jr.\wrighmi01,28,BAL,3,1,1,0,0,0,0,0,0,0,0,0,0,.000,.000,.000,.000,-100,0,0,0,0,0,0,1
659,Steven Wright\wrighst01,33,BOS,2,0,0,0,0,0,0,0,0,0,0,0,0,,,,,,0,0,0,0,0,0,1
660,Austin Wynns\wynnsau01,27,BAL,42,118,110,16,28,2,0,4,11,0,0,5,25,.255,.287,.382,.669,85,42,7,0,3,0,0,2/D
661,Ryan Yarbrough\yarbrry01,26,TBR,3,3,3,0,0,0,0,0,0,0,0,0,2,.000,.000,.000,.000,-100,0,0,0,0,0,0,1
662,Chris Young\youngch04,34,LAA,56,128,113,17,19,2,1,6,13,2,0,11,37,.168,.252,.363,.615,68,41,1,2,1,1,0,987/D
663,Eric Young Jr.#\younger03,33,LAA,41,117,109,12,22,4,2,1,8,5,1,6,28,.202,.248,.303,.551,52,33,4,1,0,1,0,87
664,Bradley Zimmer*\zimmebr01,25,CLE,34,114,106,14,24,5,0,2,9,4,1,7,44,.226,.281,.330,.611,64,35,1,1,0,0,0,8
665,Jordan Zimmermann\zimmejo02,32,DET,2,2,2,0,0,0,0,0,0,0,0,0,2,.000,.000,.000,.000,-100,0,0,0,0,0,0,1
666,Mike Zunino\zuninmi01,27,SEA,113,405,373,37,75,18,0,20,44,0,0,24,150,.201,.259,.410,.669,85,153,7,6,0,2,0,*2/D